{ "x":{"data":[{"z":[[1,0.79115999999999997,0.80317000000000005,0.75914000000000004,0.82793000000000005,0.87122999999999995,0.84092,0.60626999999999998,0.79944000000000004,0.83530000000000004,0.74731999999999998,0.76061000000000001,0.87282999999999999,0.64900999999999998,0.64827000000000001,0.70445999999999998,0.63470000000000004,0.69482999999999995,0.32847999999999999,0.75626000000000004,0.69615000000000005,-0.00072000000000000005,0.02777,-0.075700000000000003,-0.2056,-0.16788,-0.087870000000000004,0.0030799999999999998,0.061949999999999998,0.13508999999999999,0.14491999999999999,0.15106,0.23688000000000001,-0.043770000000000003,0.29099000000000003,0.095369999999999996,0.24098,0.44938,0.073279999999999998,0.12608,0.28012999999999999,0.38406000000000001,0.36092999999999997,0.39757999999999999,0.53491999999999995,0.54925999999999997,0.42830000000000001,0.34908,0.38535999999999998,0.37058999999999997,0.54073000000000004,0.47159000000000001,0.52295999999999998,0.53456999999999999,0.54890000000000005,0.54013,0.52042999999999995,0.47954000000000002,0.45223999999999998,0.28405999999999998,0.23787,0.51754999999999995,0.52878999999999998,0.21506,0.35034999999999999,0.43253999999999998,0.27483000000000002,0.35885,0.25556000000000001,0.30173,0.45302999999999999,0.62085000000000001,0.70674000000000003,0.68957999999999997,0.57952999999999999,0.81352000000000002,0.85770999999999997,0.59443000000000001,0.69721999999999995,0.54635,-0.52710000000000001,-0.44035999999999997,-0.32983000000000001,-0.46978999999999999,-0.4355,0.10954,-0.074690000000000006,-0.18178,0.031829999999999997,-0.0076699999999999997,-0.11433,-0.28225,-0.31030999999999997,-0.31213000000000002,-0.32795999999999997,-0.28472999999999998,-0.23673,-0.36252000000000001,-0.36001,-0.49374000000000001,-0.57133999999999996,-0.61609999999999998,-0.62317999999999996,-0.64939999999999998,-0.61853000000000002,-0.63060000000000005,-0.00628,-0.046600000000000003,-0.13428000000000001,-0.26367000000000002,-0.47841,-0.15764,-0.31125000000000003,0.11092,0.13442000000000001,0.083489999999999995,-0.077609999999999998,-0.04487,0.01771,0.036700000000000003,-0.091829999999999995,-0.019369999999999998,-0.087319999999999995,-0.13746,-0.17741999999999999,-0.20091999999999999,-0.20557,-0.19905999999999999,-0.17397000000000001,-0.26446999999999998,-0.0253,-0.01506,-0.09257,-0.0027399999999999998,-0.25968999999999998,-0.011259999999999999,-0.10219,-0.12728999999999999,-0.17534,-0.11027000000000001,-0.16464999999999999,-0.42392000000000002,-0.23965,-0.19575999999999999,-0.35393000000000002,-0.34660999999999997,-0.38139000000000001,-0.36736000000000002,-0.29338999999999998,-0.30692000000000003,-0.30863000000000002,-0.33054,-0.25159999999999999,0.14223,0.26865,0.28249000000000002,0.14216000000000001,0.24393000000000001,0.29189999999999999,0.36298999999999998,0.40947,0.45068000000000003,0.39745999999999998,0.31999,0.39522000000000002,0.36858999999999997,0.32889000000000002,0.12155000000000001,0.074679999999999996,0.10748000000000001,-0.00745,0.00109,0.16991999999999999,0.04582,0.03227,0.066600000000000006,0.052880000000000003,-0.06293,0.043209999999999998,0.36491000000000001,0.28214,0.19694,0.2651,0.26354,0.20472000000000001,0.24109,0.14341000000000001,0.031669999999999997,0.12200999999999999,0.04929,0.038059999999999997,0.15490000000000001,-0.12878000000000001,-0.15920999999999999,-0.032340000000000001,-0.012840000000000001,0.19535,0.062289999999999998,0.034070000000000003,-0.11382],[0.79115999999999997,1,0.75397999999999998,0.68713999999999997,0.78639999999999999,0.79159000000000002,0.72187999999999997,0.50094000000000005,0.78988000000000003,0.76851000000000003,0.67749999999999999,0.69801000000000002,0.75665000000000004,0.63780000000000003,0.65590000000000004,0.70018000000000002,0.56689000000000001,0.66195999999999999,0.44006000000000001,0.68254999999999999,0.62999000000000005,-0.090980000000000005,-0.029489999999999999,-0.04684,0.026880000000000001,0.094500000000000001,-0.05842,0.17038,0.28915999999999997,0.32924999999999999,0.30821999999999999,0.18118000000000001,0.26456000000000002,0.1147,0.34983999999999998,0.0046499999999999996,0.32912000000000002,0.36038999999999999,-0.12961,-0.18337999999999999,0.11564000000000001,0.22234000000000001,0.29751,0.44862000000000002,0.52344999999999997,0.59028000000000003,0.41425000000000001,0.40167000000000003,0.17272999999999999,0.22272,0.32983000000000001,0.35139999999999999,0.33567999999999998,0.28206999999999999,0.35052,0.37279000000000001,0.20648,0.22813,0.46751999999999999,0.55147000000000002,0.26212000000000002,0.48015999999999998,0.49582999999999999,0.24637000000000001,0.36126999999999998,0.25044,0.073950000000000002,0.16081000000000001,0.12418,0.17571999999999999,0.30047000000000001,0.44668000000000002,0.49508999999999997,0.44621,0.4471,0.81808999999999998,0.68628,0.55578000000000005,0.63141999999999998,0.44435999999999998,-0.46416000000000002,-0.15817000000000001,-0.063600000000000004,-0.17077000000000001,-0.14191000000000001,0.1573,-0.032579999999999998,-0.19766,0.095259999999999997,0.073109999999999994,-0.096579999999999999,-0.30484,-0.31228,-0.31135000000000002,-0.31030000000000002,-0.13338,-0.11358,-0.12952,-0.13197999999999999,-0.53788999999999998,-0.51995000000000002,-0.55444000000000004,-0.56521999999999994,-0.59287999999999996,-0.56362000000000001,-0.57230000000000003,-0.21182999999999999,-0.22367000000000001,-0.31231999999999999,-0.33117000000000002,-0.48137999999999997,-0.13336999999999999,-0.24864,0.090840000000000004,0.13145999999999999,0.10586,-0.035580000000000001,-0.01745,0.034200000000000001,0.046730000000000001,-0.029649999999999999,0.037850000000000002,0.061100000000000002,-0.041540000000000001,-0.11904000000000001,-0.14904999999999999,-0.15948999999999999,-0.16181999999999999,-0.16785,-0.19817000000000001,-0.19861000000000001,-0.061379999999999997,-0.18648999999999999,0.01915,-0.23705999999999999,0.099949999999999997,-0.16505,-0.12584999999999999,-0.28216999999999998,-0.11745999999999999,-0.17745,-0.32486999999999999,-0.20577999999999999,-0.22749,-0.39377000000000001,-0.36685000000000001,-0.35274,-0.34931000000000001,-0.27977999999999997,-0.25374999999999998,-0.26894000000000001,-0.27982000000000001,-0.17759,0.096140000000000003,0.52534000000000003,0.36656,0.17791000000000001,0.087499999999999994,0.24918999999999999,0.30325999999999997,0.31685000000000002,0.41143000000000002,0.33960000000000001,0.27689000000000002,0.36853999999999998,0.32246999999999998,0.28253,0.042419999999999999,-0.021909999999999999,-0.027740000000000001,0.049959999999999997,-0.0177,0.41114000000000001,0.056419999999999998,0.088660000000000003,0.10677,0.057369999999999997,-0.10351,0.033279999999999997,0.33878999999999998,0.27631,0.19661999999999999,0.26968999999999999,0.24107999999999999,0.10752,0.26893,0.27248,0.10729,0.19423000000000001,-0.14015,-0.090709999999999999,-0.0025400000000000002,-0.02954,-0.091689999999999994,0.15451999999999999,-0.094619999999999996,0.16297,0.25589000000000001,0.15104999999999999,-0.02725],[0.80317000000000005,0.75397999999999998,1,0.95579999999999998,0.83070999999999995,0.89490999999999998,0.93569000000000002,0.50668999999999997,0.79691999999999996,0.88136999999999999,0.80374000000000001,0.84262999999999999,0.86170999999999998,0.67728999999999995,0.74704999999999999,0.79210999999999998,0.67944000000000004,0.70004999999999995,0.50153000000000003,0.86263999999999996,0.77605999999999997,-0.15953000000000001,-0.10052,-0.080049999999999996,-0.12257,-0.10266,-0.14260999999999999,-0.03184,0.0717,0.035000000000000003,0.28338000000000002,0.1138,0.25702000000000003,0.02776,0.27753,0.19828000000000001,0.32325999999999999,0.32446000000000003,-0.019939999999999999,-0.03551,0.033509999999999998,0.25319999999999998,0.32856999999999997,0.20498,0.42648000000000003,0.46692,0.22033,0.21904999999999999,0.11519,0.22209000000000001,0.19719999999999999,0.17585999999999999,0.24739,0.29155999999999999,0.31617000000000001,0.32340000000000002,0.24243000000000001,0.17272999999999999,0.59497,0.36942999999999998,0.31067,0.57103999999999999,0.61112999999999995,0.25189,0.32366,0.28122000000000003,0.14729,0.21956999999999999,0.19066,0.29437999999999998,0.30191000000000001,0.38464999999999999,0.54127000000000003,0.52468000000000004,0.40348000000000001,0.66586000000000001,0.60518000000000005,0.47776999999999997,0.73257000000000005,0.48014000000000001,-0.63066999999999995,-0.31239,-0.32445000000000002,-0.40644999999999998,-0.39341999999999999,-0.018929999999999999,0.0014599999999999999,-0.25570999999999999,0.17266000000000001,0.016639999999999999,-0.029749999999999999,-0.19051000000000001,-0.21578,-0.22439000000000001,-0.24906,-0.14976,-0.094500000000000001,-0.14588999999999999,-0.13367000000000001,-0.61512,-0.69903999999999999,-0.76163000000000003,-0.74570999999999998,-0.76992000000000005,-0.74953000000000003,-0.76371,-0.18951999999999999,-0.22595000000000001,-0.26252999999999999,-0.30619000000000002,-0.52553000000000005,-0.19236,-0.18834000000000001,0.0064099999999999999,0.0072500000000000004,-0.025420000000000002,-0.11962,-0.15695000000000001,-0.094570000000000001,-0.081850000000000006,-0.14460000000000001,-0.055100000000000003,-0.040930000000000001,-0.2104,-0.25075999999999998,-0.29211999999999999,-0.31507000000000002,-0.29433999999999999,-0.34011999999999998,-0.35241,-0.25988,-0.13345000000000001,-0.04598,0.00579,-0.30227999999999999,0.0061999999999999998,-0.05074,-0.056730000000000003,-0.19749,-0.0511,-0.16458999999999999,-0.36721999999999999,-0.10081,-0.12211,-0.31870999999999999,-0.28910000000000002,-0.41798000000000002,-0.40999999999999998,-0.35926999999999998,-0.34605000000000002,-0.35558000000000001,-0.29594999999999999,-0.25602000000000003,0.09819,0.42981000000000003,0.43146000000000001,0.28443000000000002,0.22581000000000001,0.40517999999999998,0.49881999999999999,0.53156999999999999,0.59491000000000005,0.51746000000000003,0.41443000000000002,0.56094999999999995,0.51681999999999995,0.42232999999999998,0.15719,0.089249999999999996,0.13680999999999999,0.01188,-0.044069999999999998,0.26273999999999997,-0.11176,-0.048280000000000003,-0.099059999999999995,0.14316000000000001,0.13997999999999999,0.19622000000000001,0.22791,0.14409,0.059069999999999998,0.14932000000000001,0.099299999999999999,0.10913,0.19971,0.18229000000000001,0.02205,0.15331,-0.0048799999999999998,-0.01184,0.076399999999999996,-0.022960000000000001,-0.15915000000000001,0.031460000000000002,0.036810000000000002,0.21668000000000001,0.25674999999999998,0.16200000000000001,0.026689999999999998],[0.75914000000000004,0.68713999999999997,0.95579999999999998,1,0.82250999999999996,0.85673999999999995,0.92701999999999996,0.48660999999999999,0.70089000000000001,0.81393000000000004,0.78463000000000005,0.80996999999999997,0.79962999999999995,0.64959,0.72109000000000001,0.76707999999999998,0.67795000000000005,0.68833999999999995,0.51871,0.89683000000000002,0.79988999999999999,-0.14122999999999999,-0.11988,-0.10224999999999999,-0.19602,-0.13392999999999999,-0.18720000000000001,-0.11537,0.00975,-0.05074,0.19789000000000001,0.029260000000000001,0.17682,0.04657,0.24342,0.17179,0.28144000000000002,0.26740000000000003,0.0031099999999999999,0.0027499999999999998,0.022679999999999999,0.26882,0.36885000000000001,0.13039999999999999,0.34421000000000002,0.38843,0.16447999999999999,0.20571,0.066339999999999996,0.17509,0.18473000000000001,0.11663,0.19824,0.29077999999999998,0.28369,0.30373,0.20860000000000001,0.17237,0.58584999999999998,0.39369999999999999,0.28521000000000002,0.53893000000000002,0.57716000000000001,0.25367000000000001,0.37508000000000002,0.28592000000000001,0.18196000000000001,0.25235000000000002,0.17813999999999999,0.25189,0.24163999999999999,0.33090999999999998,0.47882999999999998,0.50821000000000005,0.37712000000000001,0.61023000000000005,0.53710000000000002,0.44403999999999999,0.71626000000000001,0.50649,-0.68457999999999997,-0.32667000000000002,-0.39129999999999998,-0.45295000000000002,-0.46666000000000002,-0.14463000000000001,0.020750000000000001,-0.27379999999999999,0.16317000000000001,-0.065049999999999997,-0.13725000000000001,-0.20216999999999999,-0.22567999999999999,-0.24315000000000001,-0.26734999999999998,-0.20874000000000001,-0.15517,-0.19968,-0.18497,-0.62024000000000001,-0.70379000000000003,-0.79574,-0.78681999999999996,-0.81398000000000004,-0.78129999999999999,-0.79393000000000002,-0.17383999999999999,-0.17749999999999999,-0.22439000000000001,-0.25441999999999998,-0.50439000000000001,-0.14601,-0.14434,0.042509999999999999,0.022040000000000001,0.0037599999999999999,-0.072160000000000002,-0.13531000000000001,-0.05568,-0.049180000000000001,-0.11285000000000001,-0.018409999999999999,-0.047039999999999998,-0.18156,-0.2099,-0.26674999999999999,-0.28682999999999997,-0.25513000000000002,-0.32856000000000002,-0.33239000000000002,-0.26299,-0.15822,-0.052069999999999998,0.03023,-0.29687000000000002,-0.01248,-0.02657,-0.026329999999999999,-0.19503999999999999,-0.04403,-0.17024,-0.33030999999999999,-0.083909999999999998,-0.066540000000000002,-0.26851999999999998,-0.21523,-0.41659000000000002,-0.40737000000000001,-0.34823999999999999,-0.33098,-0.34461999999999998,-0.24456,-0.23616000000000001,0.052560000000000003,0.36782999999999999,0.41393999999999997,0.34226000000000001,0.28275,0.44563999999999998,0.59987999999999997,0.57599999999999996,0.66790000000000005,0.58718000000000004,0.4924,0.62894000000000005,0.60131999999999997,0.53861000000000003,0.19575999999999999,0.22256999999999999,0.22461,0.044290000000000003,0.046600000000000003,0.21664,-0.15409999999999999,-0.05389,-0.041149999999999999,0.23688999999999999,0.21326000000000001,0.25341000000000002,0.27233000000000002,0.22309000000000001,0.1237,0.19167000000000001,0.13117000000000001,0.1565,0.25663000000000002,0.11551,0.049910000000000003,0.18013000000000001,0.048750000000000002,0.063369999999999996,0.14707000000000001,-0.045429999999999998,-0.153,0.01289,0.037170000000000002,0.18561,0.22536999999999999,0.18479000000000001,0.070760000000000003],[0.82793000000000005,0.78639999999999999,0.83070999999999995,0.82250999999999996,1,0.96194000000000002,0.89903999999999995,0.50748000000000004,0.78966000000000003,0.84386000000000005,0.67445999999999995,0.66054000000000002,0.75261999999999996,0.49030000000000001,0.57274000000000003,0.72204000000000002,0.54246000000000005,0.59301000000000004,0.36930000000000002,0.89781,0.88841999999999999,-0.16183,-0.19608999999999999,-0.19600000000000001,-0.39995999999999998,-0.21461,-0.28197,-0.31226999999999999,-0.12446,-0.025780000000000001,0.14374000000000001,-0.081610000000000002,0.13663,-0.23649999999999999,0.11423999999999999,-0.0096200000000000001,0.14166000000000001,0.23444999999999999,-0.20905000000000001,-0.090039999999999995,0.055840000000000001,0.21695999999999999,0.11516999999999999,0.079949999999999993,0.21568999999999999,0.40862999999999999,0.17968999999999999,0.11015,0.074079999999999993,0.11162,0.29941000000000001,0.20147000000000001,0.25990999999999997,0.32740000000000002,0.29685,0.20930000000000001,0.20301,0.19761999999999999,0.50417000000000001,0.34605000000000002,0.14776,0.44994000000000001,0.35425000000000001,0.13011,0.17443,0.35110000000000002,0.14732999999999999,0.21027000000000001,0.22634000000000001,0.20094999999999999,0.22994999999999999,0.37894,0.59604000000000001,0.41807,0.29224,0.68823000000000001,0.57145000000000001,0.33271000000000001,0.63075999999999999,0.43432999999999999,-0.57757999999999998,-0.35059000000000001,-0.42687000000000003,-0.55413000000000001,-0.53456999999999999,-0.041329999999999999,-0.11866,-0.31181999999999999,0.12875,-0.088679999999999995,-0.16542000000000001,-0.29324,-0.32571,-0.34101999999999999,-0.35569000000000001,-0.42504999999999998,-0.38591999999999999,-0.39513999999999999,-0.40110000000000001,-0.54674,-0.53293999999999997,-0.61289000000000005,-0.66222999999999999,-0.70984000000000003,-0.63785000000000003,-0.65110000000000001,-0.10691000000000001,-0.13038,-0.19621,-0.20874000000000001,-0.50563999999999998,-0.21321000000000001,-0.20333999999999999,0.25139,0.24867,0.19716,0.015089999999999999,0.064360000000000001,0.14996000000000001,0.16178000000000001,0.046870000000000002,0.12559999999999999,0.0040800000000000003,0.012359999999999999,-0.038760000000000003,-0.10709,-0.10349999999999999,-0.08992,-0.10619000000000001,-0.16871,-0.025819999999999999,-0.16372,-0.066650000000000001,-0.03065,-0.15908,0.070309999999999997,-0.018180000000000002,-0.061899999999999997,-0.16395999999999999,-0.084349999999999994,-0.18376999999999999,-0.25855,-0.071590000000000001,-0.059360000000000003,-0.26201999999999998,-0.18542,-0.33889999999999998,-0.33911999999999998,-0.24901000000000001,-0.22544,-0.24448,-0.19101000000000001,-0.14588000000000001,0.056000000000000001,0.38782,0.31577,0.21090999999999999,0.29409000000000002,0.46043000000000001,0.59519,0.49937999999999999,0.62802000000000002,0.58797999999999995,0.54185000000000005,0.56852999999999998,0.50370000000000004,0.53842999999999996,0.30367,0.28272000000000003,0.22158,0.091329999999999995,0.10774,0.32285000000000003,0.07306,0.050549999999999998,0.13747000000000001,0.32195000000000001,0.079699999999999993,0.06862,0.34948000000000001,0.30508000000000002,0.22839000000000001,0.37736999999999998,0.34972999999999999,0.38178000000000001,0.36835000000000001,0.26262000000000002,0.11172,0.18618999999999999,0.094229999999999994,0.089219999999999994,0.12242,-0.16231000000000001,-0.17330000000000001,-0.0091400000000000006,0.01712,0.19574,0.17249,0.0843,-0.055280000000000003],[0.87122999999999995,0.79159000000000002,0.89490999999999998,0.85673999999999995,0.96194000000000002,1,0.95309999999999995,0.50761999999999996,0.81913000000000002,0.88614000000000004,0.70748999999999995,0.71325000000000005,0.81201999999999996,0.54532000000000003,0.63427,0.74473,0.59162999999999999,0.62829000000000002,0.43368000000000001,0.88441000000000003,0.85218000000000005,-0.15748000000000001,-0.14846000000000001,-0.12845000000000001,-0.30902000000000002,-0.20874999999999999,-0.21937000000000001,-0.21762999999999999,-0.067559999999999995,0.03056,0.19375000000000001,0.01754,0.22539999999999999,-0.20881,0.15132999999999999,0.061060000000000003,0.2137,0.32833000000000001,-0.12967000000000001,-0.040320000000000002,0.097460000000000005,0.22056999999999999,0.14335000000000001,0.15801999999999999,0.31669000000000003,0.46207999999999999,0.23066,0.16736999999999999,0.15234,0.19141,0.30934,0.24753,0.31572,0.35746,0.36735000000000001,0.26940999999999998,0.28828999999999999,0.23827999999999999,0.53624000000000005,0.35854000000000003,0.20585000000000001,0.55096000000000001,0.47384999999999999,0.17224,0.18206,0.38172,0.19733999999999999,0.23654,0.26840000000000003,0.29160999999999998,0.33923999999999999,0.47343000000000002,0.63554999999999995,0.48748000000000002,0.35670000000000002,0.71640000000000004,0.62700999999999996,0.36274000000000001,0.67745999999999995,0.42581000000000002,-0.62092999999999998,-0.37136999999999998,-0.37592999999999999,-0.53573999999999999,-0.47653000000000001,0.016389999999999998,-0.16955999999999999,-0.30443999999999999,0.11341,-0.02496,-0.060440000000000001,-0.24426999999999999,-0.28090999999999999,-0.29024,-0.30475999999999998,-0.34249000000000002,-0.29772999999999999,-0.32751000000000002,-0.34937000000000001,-0.55467,-0.63509000000000004,-0.68937000000000004,-0.71853999999999996,-0.75756999999999997,-0.71221999999999996,-0.72058,-0.12302,-0.16861000000000001,-0.21476999999999999,-0.27232000000000001,-0.54984,-0.22336,-0.26413999999999999,0.17299999999999999,0.18113000000000001,0.12424,-0.0235,-0.0025300000000000001,0.082669999999999993,0.093079999999999996,-0.016639999999999999,0.081290000000000001,0.00175,-0.062379999999999998,-0.12406,-0.16105,-0.16896,-0.15665999999999999,-0.16664999999999999,-0.22492000000000001,-0.059630000000000002,-0.15715999999999999,-0.047149999999999997,-0.0052199999999999998,-0.20801,0.026980000000000001,-0.01274,-0.048189999999999997,-0.21693999999999999,-0.090870000000000006,-0.19311,-0.33737,-0.12520000000000001,-0.091899999999999996,-0.30409000000000003,-0.25801000000000002,-0.34250999999999998,-0.33981,-0.25661,-0.2477,-0.25906000000000001,-0.27705000000000002,-0.19373000000000001,0.13750999999999999,0.43491000000000002,0.39705000000000001,0.21235000000000001,0.28397,0.43198999999999999,0.55533999999999994,0.55267999999999995,0.63295000000000001,0.56169000000000002,0.50949,0.57587999999999995,0.52783000000000002,0.44912999999999997,0.28766999999999998,0.24754999999999999,0.24604999999999999,0.10969,0.074340000000000003,0.32615,0.053199999999999997,0.037969999999999997,0.065820000000000004,0.21264,0.073099999999999998,0.11058999999999999,0.29011999999999999,0.24531,0.14791000000000001,0.32417000000000001,0.27693000000000001,0.30284,0.30913000000000002,0.24115,0.061929999999999999,0.18045,0.079409999999999994,0.028809999999999999,0.098830000000000001,-0.13100000000000001,-0.1903,0.01789,0.010880000000000001,0.2215,0.18398,0.081019999999999995,-0.02445],[0.84092,0.72187999999999997,0.93569000000000002,0.92701999999999996,0.89903999999999995,0.95309999999999995,1,0.48241000000000001,0.76414000000000004,0.88619999999999999,0.71331999999999995,0.77232999999999996,0.81454000000000004,0.63366,0.68779999999999997,0.77217999999999998,0.64697000000000005,0.66241000000000005,0.47752,0.93095000000000006,0.86104999999999998,-0.21043999999999999,-0.16453999999999999,-0.20524000000000001,-0.31401000000000001,-0.29089999999999999,-0.27022000000000002,-0.20396,-0.12286999999999999,-0.11677,0.15781000000000001,0.029270000000000001,0.21918000000000001,-0.093549999999999994,0.22175,0.069610000000000005,0.11413,0.22498000000000001,-0.024670000000000001,0.0091599999999999997,0.087609999999999993,0.27267000000000002,0.18665000000000001,0.10202,0.28393000000000002,0.37336000000000003,0.15970000000000001,0.18693000000000001,0.10181,0.15717,0.23668,0.16619,0.23763999999999999,0.30896000000000001,0.31380000000000002,0.28608,0.28659000000000001,0.214,0.56803999999999999,0.30565999999999999,0.24840999999999999,0.58037000000000005,0.54717000000000005,0.26744000000000001,0.26954,0.39679999999999999,0.1956,0.29061999999999999,0.24554000000000001,0.27002999999999999,0.32447999999999999,0.43359999999999999,0.56372999999999995,0.47045999999999999,0.36676999999999998,0.63070999999999999,0.58974000000000004,0.44317000000000001,0.71706999999999999,0.49647999999999998,-0.70413999999999999,-0.48118,-0.46572000000000002,-0.60855999999999999,-0.56166000000000005,-0.061400000000000003,-0.1293,-0.27711999999999998,0.05969,-0.085449999999999998,-0.11623,-0.21362999999999999,-0.2487,-0.25935999999999998,-0.28094999999999998,-0.29069,-0.24729999999999999,-0.27549000000000001,-0.29117999999999999,-0.58877000000000002,-0.69001999999999997,-0.74822,-0.77037999999999995,-0.79520999999999997,-0.77803,-0.78025,-0.11611,-0.13958999999999999,-0.16775000000000001,-0.21332999999999999,-0.50517000000000001,-0.15078,-0.25380000000000003,0.15573000000000001,0.14732000000000001,0.11020000000000001,-0.0064400000000000004,-0.013310000000000001,0.070580000000000004,0.081530000000000005,-0.0095499999999999995,0.091609999999999997,0.0026900000000000001,-0.056919999999999998,-0.1239,-0.15301999999999999,-0.17635000000000001,-0.15174000000000001,-0.20019000000000001,-0.22642999999999999,-0.13805999999999999,-0.15054999999999999,-0.01047,0.029180000000000001,-0.23738000000000001,0.023970000000000002,0.00545,-0.019089999999999999,-0.20643,-0.062960000000000002,-0.19338,-0.37106,-0.16108,-0.052949999999999997,-0.27045000000000002,-0.22670999999999999,-0.33756000000000003,-0.32482,-0.25924999999999998,-0.24915999999999999,-0.26036999999999999,-0.24326,-0.21557000000000001,0.16063,0.43964999999999999,0.49822,0.26505000000000001,0.33712999999999999,0.47048000000000001,0.59880999999999995,0.59265999999999996,0.68232000000000004,0.61173,0.53534999999999999,0.66485000000000005,0.61870999999999998,0.51214999999999999,0.25618000000000002,0.26373999999999997,0.25189,0.077899999999999997,0.11745,0.30719000000000002,-0.03798,0.0154,0.012659999999999999,0.21886,0.17332,0.19403999999999999,0.27889999999999998,0.2293,0.11164,0.23648,0.20116999999999999,0.27825,0.30081000000000002,0.26551999999999998,0.080070000000000002,0.19178999999999999,0.13719000000000001,0.11076999999999999,0.21042,-0.020619999999999999,-0.12130000000000001,0.055169999999999997,0.0071199999999999996,0.19667999999999999,0.18235000000000001,0.089899999999999994,0.018700000000000001],[0.60626999999999998,0.50094000000000005,0.50668999999999997,0.48660999999999999,0.50748000000000004,0.50761999999999996,0.48241000000000001,1,0.70320000000000005,0.67361000000000004,0.76910999999999996,0.62161999999999995,0.65749999999999997,0.59738999999999998,0.61885000000000001,0.63331000000000004,0.68440999999999996,0.71487999999999996,0.20479,0.49669000000000002,0.45269999999999999,-0.028629999999999999,0.0683,0.18836,-0.095060000000000006,-0.0050899999999999999,-0.033450000000000001,0.049779999999999998,0.16767000000000001,0.092880000000000004,0.48621999999999999,0.29416999999999999,0.25029000000000001,0.083710000000000007,0.37792999999999999,0.26040999999999997,0.25414999999999999,0.24337,0.14763000000000001,0.22577,0.10033,0.23315,0.39087,0.17269999999999999,0.28305999999999998,0.3569,0.047449999999999999,0.15162,0.61077999999999999,0.37647999999999998,0.36520999999999998,0.21312,0.37264000000000003,0.44722000000000001,0.56032999999999999,0.44127,0.40099000000000001,0.41809000000000002,0.37128,0.22148000000000001,0.26755000000000001,0.45502999999999999,0.51063999999999998,0.16436999999999999,0.16141,0.32311000000000001,0.41119,0.61753000000000002,0.22771,0.26323999999999997,0.23973,0.31511,0.35304000000000002,0.50900999999999996,0.23269000000000001,0.61185,0.52107999999999999,0.43474000000000002,0.49206,0.40628999999999998,-0.13492000000000001,-0.11624,-0.11365,-0.23902999999999999,-0.22006999999999999,-0.00091,0.016299999999999999,-0.19367000000000001,0.026169999999999999,0.10704,-0.0069100000000000003,-0.14793000000000001,-0.16447999999999999,-0.16849,-0.18545,0.05108,0.091490000000000002,-0.049119999999999997,-0.05212,-0.42859000000000003,-0.30334,-0.35548999999999997,-0.31401000000000001,-0.32851000000000002,-0.32329000000000002,-0.34239000000000003,-0.1464,-0.21160999999999999,-0.22495999999999999,-0.20532,-0.31163000000000002,-0.16442999999999999,-0.21992999999999999,-0.016129999999999999,-0.034430000000000002,-0.066769999999999996,-0.31043999999999999,-0.18490999999999999,-0.14194999999999999,-0.12958,-0.24021999999999999,-0.15619,-0.58860000000000001,-0.23796999999999999,-0.30397999999999997,-0.26432,-0.26755000000000001,-0.26723000000000002,-0.30058000000000001,-0.31605,-0.07528,0.060729999999999999,-0.076600000000000001,-0.0269,-0.16894999999999999,-0.28281000000000001,-0.090509999999999993,-0.33550999999999997,-0.094420000000000004,-0.30941999999999997,-0.36818000000000001,-0.20193,-0.16755999999999999,-0.24995000000000001,-0.36197000000000001,-0.39373999999999998,-0.35331000000000001,-0.34242,-0.29818,-0.29399999999999998,-0.28810999999999998,-0.23974999999999999,-0.21589,0.18758,0.14795,0.21706,0.45748,0.20791999999999999,0.25033,0.25158999999999998,0.32828000000000002,0.27977000000000002,0.21293999999999999,0.19513,0.23943999999999999,0.26828999999999997,0.062979999999999994,0.041239999999999999,-0.01278,0.053010000000000002,-0.25699,-0.088300000000000003,-0.00046000000000000001,0.12941,0.01491,0.018589999999999999,0.13385,-0.098549999999999999,-0.033349999999999998,0.27322000000000002,0.21928,0.15787999999999999,0.20657,0.22839000000000001,0.044580000000000002,-0.20543,-0.060220000000000003,-0.055509999999999997,-0.18032000000000001,-0.0093299999999999998,0.14044000000000001,0.30939,-0.01414,-0.14238000000000001,-0.12895000000000001,-0.16446,0.23807,-0.55218999999999996,0.05339,-0.082220000000000001],[0.79944000000000004,0.78988000000000003,0.79691999999999996,0.70089000000000001,0.78966000000000003,0.81913000000000002,0.76414000000000004,0.70320000000000005,1,0.94684000000000001,0.81130999999999998,0.80167999999999995,0.83896000000000004,0.64502000000000004,0.74275000000000002,0.78559000000000001,0.71840000000000004,0.79683999999999999,0.45494000000000001,0.72543999999999997,0.70004999999999995,-0.10911,0.022710000000000001,0.034869999999999998,-0.045379999999999997,-0.031809999999999998,-0.095409999999999995,0.068750000000000006,0.18195,0.22841,0.44134000000000001,0.20648,0.32362999999999997,-0.0072500000000000004,0.29154000000000002,0.25713999999999998,0.33476,0.25774999999999998,-0.036700000000000003,-0.05398,0.08226,0.19031999999999999,0.25602000000000003,0.24367,0.39910000000000001,0.52868999999999999,0.20604,0.23502999999999999,0.30451,0.35271999999999998,0.29432000000000003,0.24636,0.34755000000000003,0.33650000000000002,0.45363999999999999,0.30620000000000003,0.29038999999999998,0.22556000000000001,0.54032999999999998,0.37661,0.28361999999999998,0.62289000000000005,0.60650000000000004,0.11612,0.15159,0.33221000000000001,0.21118000000000001,0.29892000000000002,0.25592999999999999,0.33848,0.34184999999999999,0.43675000000000003,0.49021999999999999,0.43825999999999998,0.26534000000000002,0.82035999999999998,0.66205000000000003,0.55452000000000001,0.69738,0.49281999999999998,-0.37071999999999999,-0.21396000000000001,-0.20998,-0.32111000000000001,-0.28445999999999999,0.094439999999999996,-0.00613,-0.32784999999999997,0.096299999999999997,0.085290000000000005,0.079560000000000006,-0.23662,-0.26029999999999998,-0.25135999999999997,-0.27416000000000001,-0.031759999999999997,0.016219999999999998,-0.034049999999999997,-0.040640000000000003,-0.60445000000000004,-0.51568999999999998,-0.56044000000000005,-0.55542999999999998,-0.57711999999999997,-0.56113999999999997,-0.57059000000000004,-0.22359000000000001,-0.26701000000000003,-0.30208000000000002,-0.41909000000000002,-0.55803999999999998,-0.14416999999999999,-0.23152,0.033230000000000003,0.039530000000000003,-0.0012099999999999999,-0.22202,-0.10526000000000001,-0.067879999999999996,-0.036949999999999997,-0.17333000000000001,-0.081089999999999995,-0.15639,-0.17988999999999999,-0.25846000000000002,-0.25412000000000001,-0.26529999999999998,-0.26745000000000002,-0.28375,-0.30607000000000001,-0.23055999999999999,-0.018380000000000001,-0.18845999999999999,-0.11439000000000001,-0.31590000000000001,-0.11700000000000001,-0.22133,-0.28594999999999998,-0.23486000000000001,-0.23676,-0.27173000000000003,-0.26078000000000001,-0.045909999999999999,-0.23522000000000001,-0.40942000000000001,-0.3987,-0.39379999999999998,-0.39455000000000001,-0.34397,-0.31467000000000001,-0.31922,-0.33043,-0.18944,0.16173999999999999,0.40842000000000001,0.36609000000000003,0.22653000000000001,0.18682000000000001,0.28151999999999999,0.36223,0.44036999999999998,0.47659000000000001,0.35737999999999998,0.31874000000000002,0.46143000000000001,0.35747000000000001,0.20244999999999999,0.10772,-0.053269999999999998,-0.036420000000000001,-0.12720000000000001,-0.16014999999999999,0.25890000000000002,0.064130000000000006,0.055239999999999997,0.036949999999999997,0.11907,-0.020729999999999998,-0.02707,0.25495000000000001,0.12235,0.10488,0.2379,0.27877000000000002,0.10693999999999999,0.080570000000000003,0.13571,-0.13816000000000001,-0.053760000000000002,-0.13156999999999999,-0.020920000000000001,0.01427,0.01448,-0.035920000000000001,0.01136,-0.12631000000000001,0.1381,0.048930000000000001,0.17088,-0.0076299999999999996],[0.83530000000000004,0.76851000000000003,0.88136999999999999,0.81393000000000004,0.84386000000000005,0.88614000000000004,0.88619999999999999,0.67361000000000004,0.94684000000000001,1,0.84965000000000002,0.85901000000000005,0.90171999999999997,0.69452999999999998,0.80371999999999999,0.86150000000000004,0.77764999999999995,0.82987999999999995,0.51012999999999997,0.85331999999999997,0.80159999999999998,-0.20541999999999999,-0.036209999999999999,-0.11792,-0.16503999999999999,-0.15523000000000001,-0.16661999999999999,-0.049059999999999999,0.039719999999999998,0.031539999999999999,0.37130999999999997,0.17756,0.33849000000000001,-0.028500000000000001,0.29203000000000001,0.2364,0.23791999999999999,0.20615,-0.040320000000000002,-0.044400000000000002,0.046019999999999998,0.20554,0.21218999999999999,0.13272,0.32382,0.40603,0.11763999999999999,0.18687999999999999,0.21082000000000001,0.24537,0.21009,0.14280999999999999,0.28653000000000001,0.28776000000000002,0.36870000000000003,0.26061000000000001,0.25527,0.16561999999999999,0.63253999999999999,0.3594,0.2467,0.66730999999999996,0.63022999999999996,0.15856999999999999,0.15043000000000001,0.3483,0.22036,0.31517000000000001,0.26612000000000002,0.32088,0.31402999999999998,0.38099,0.48507,0.44367000000000001,0.25718999999999997,0.72370000000000001,0.60631999999999997,0.53247,0.73250000000000004,0.51529999999999998,-0.46543000000000001,-0.3639,-0.31797999999999998,-0.49030000000000001,-0.43414999999999998,-0.02036,-0.036470000000000002,-0.33313999999999999,0.081629999999999994,-0.013469999999999999,0.0061599999999999997,-0.22975999999999999,-0.26135000000000003,-0.25822000000000001,-0.28051999999999999,-0.067280000000000006,-0.017749999999999998,-0.063950000000000007,-0.077149999999999996,-0.63178000000000001,-0.57369000000000003,-0.63288999999999995,-0.62744999999999995,-0.65268000000000004,-0.63756999999999997,-0.64283000000000001,-0.21990000000000001,-0.25803999999999999,-0.28055999999999998,-0.35826999999999998,-0.56284000000000001,-0.18765000000000001,-0.26640999999999998,0.055480000000000002,0.050630000000000001,0.01259,-0.20091999999999999,-0.11321000000000001,-0.059749999999999998,-0.030040000000000001,-0.15192,-0.055199999999999999,-0.14838999999999999,-0.16264000000000001,-0.24779999999999999,-0.26584999999999998,-0.28295999999999999,-0.27692,-0.31516,-0.32582,-0.24925,-0.098129999999999995,-0.13272,-0.082140000000000005,-0.30758000000000002,-0.09461,-0.13850000000000001,-0.23052,-0.23128000000000001,-0.19963,-0.26915,-0.26517000000000002,-0.10704,-0.18335000000000001,-0.37624999999999997,-0.35908000000000001,-0.41604000000000002,-0.41238000000000002,-0.35566999999999999,-0.32683000000000001,-0.33435999999999999,-0.34495999999999999,-0.25589000000000001,0.18784000000000001,0.44274000000000002,0.44157999999999997,0.25183,0.24215999999999999,0.37309999999999999,0.46969,0.52525999999999995,0.57142999999999999,0.47897000000000001,0.41031000000000001,0.55245,0.45084999999999997,0.35926999999999998,0.16755999999999999,0.065079999999999999,0.074109999999999995,-0.076270000000000004,-0.084680000000000005,0.26415,-0.02827,0.015129999999999999,-0.0034399999999999999,0.20529,0.058470000000000001,0.064979999999999996,0.24146000000000001,0.12623999999999999,0.083309999999999995,0.21729000000000001,0.24475,0.16933999999999999,0.10882,0.14702000000000001,-0.091880000000000003,0.0073600000000000002,-0.062799999999999995,0.01576,0.095119999999999996,-0.0053899999999999998,-0.048410000000000002,0.037170000000000002,-0.073580000000000007,0.19758000000000001,0.084720000000000004,0.15290000000000001,-0.01025],[0.74731999999999998,0.67749999999999999,0.80374000000000001,0.78463000000000005,0.67445999999999995,0.70748999999999995,0.71331999999999995,0.76910999999999996,0.81130999999999998,0.84965000000000002,1,0.89054,0.91354999999999997,0.71858999999999995,0.82633000000000001,0.82843,0.85677000000000003,0.88149,0.48282000000000003,0.70794000000000001,0.63585000000000003,-0.073840000000000003,0.0037799999999999999,0.018689999999999998,-0.03049,0.040349999999999997,0.044229999999999998,0.075810000000000002,0.21762999999999999,0.11592,0.45800999999999997,0.29896,0.36909999999999998,0.16242000000000001,0.30649999999999999,0.40526000000000001,0.42279,0.36352000000000001,0.073800000000000004,0.035270000000000003,0.085830000000000004,0.29380000000000001,0.45490000000000003,0.22223000000000001,0.44782,0.43822,0.16536999999999999,0.19288,0.29869000000000001,0.32699,0.24274999999999999,0.16597999999999999,0.40806999999999999,0.31143999999999999,0.40943000000000002,0.35554999999999998,0.25633,0.21621000000000001,0.56093999999999999,0.43189,0.29962,0.59236999999999995,0.60731000000000002,0.12051000000000001,0.26322000000000001,0.30148999999999998,0.28826000000000002,0.37685000000000002,0.28303,0.3639,0.29071000000000002,0.30947999999999998,0.46632000000000001,0.60089999999999999,0.31813000000000002,0.68359000000000003,0.56593000000000004,0.54032999999999998,0.69816,0.56938,-0.38673999999999997,-0.18237999999999999,-0.17874999999999999,-0.32414999999999999,-0.29377999999999999,-0.037859999999999998,0.055399999999999998,-0.24310999999999999,0.16689000000000001,0.05552,0.073959999999999998,-0.13528000000000001,-0.16941999999999999,-0.17258000000000001,-0.18915999999999999,0.080149999999999999,0.14279,0.047730000000000002,0.049759999999999999,-0.62048999999999999,-0.58767000000000003,-0.65468000000000004,-0.60140000000000005,-0.62892999999999999,-0.60385999999999995,-0.62341000000000002,-0.23965,-0.25753999999999999,-0.29008,-0.39130999999999999,-0.50244999999999995,-0.18171000000000001,-0.18917999999999999,-0.10559,-0.12911,-0.14362,-0.28420000000000001,-0.28105999999999998,-0.22947999999999999,-0.20421,-0.33028000000000002,-0.23622000000000001,-0.28613,-0.36438999999999999,-0.39861000000000002,-0.39837,-0.41277000000000003,-0.39818999999999999,-0.45644000000000001,-0.45195999999999997,-0.28555999999999998,-0.055079999999999997,-0.15859000000000001,-0.090800000000000006,-0.28743999999999997,-0.11379,-0.14385000000000001,-0.20910999999999999,-0.17705000000000001,-0.20432,-0.28265000000000001,-0.28652,-0.09178,-0.23746999999999999,-0.38377,-0.38712999999999997,-0.45587,-0.45291999999999999,-0.40915000000000001,-0.39641999999999999,-0.39812999999999998,-0.33898,-0.28921000000000002,0.10032000000000001,0.2661,0.31147999999999998,0.29675000000000001,0.18210000000000001,0.34476000000000001,0.39893000000000001,0.50863000000000003,0.51987000000000005,0.40414,0.30087999999999998,0.43347999999999998,0.36613000000000001,0.26967000000000002,0.14338000000000001,0.052580000000000002,0.15909999999999999,-0.048730000000000002,-0.14405999999999999,0.054789999999999998,-0.13891999999999999,-0.060729999999999999,-0.04897,0.13667000000000001,0.0028900000000000002,0.11502,0.21045,0.15823000000000001,0.090730000000000005,0.15705,0.15733,-0.034700000000000002,-0.069860000000000005,-0.089330000000000007,-0.053769999999999998,0.018460000000000001,-0.11771,-0.015180000000000001,0.12787000000000001,-0.016150000000000001,-0.12371,-0.05842,-0.0023900000000000002,0.26315,-0.00114,0.18507000000000001,-0.01391],[0.76061000000000001,0.69801000000000002,0.84262999999999999,0.80996999999999997,0.66054000000000002,0.71325000000000005,0.77232999999999996,0.62161999999999995,0.80167999999999995,0.85901000000000005,0.89054,1,0.92122000000000004,0.78485000000000005,0.82528000000000001,0.80208000000000002,0.77066000000000001,0.86284000000000005,0.57733000000000001,0.72865000000000002,0.64065000000000005,-0.20196,-0.013610000000000001,-0.057770000000000002,-0.023550000000000001,-0.052380000000000003,0.068190000000000001,0.18678,0.21365000000000001,0.062230000000000001,0.33576,0.17588999999999999,0.20554,0.1976,0.37972,0.38973999999999998,0.28821999999999998,0.30196000000000001,0.12870999999999999,0.057000000000000002,0.097350000000000006,0.30597999999999997,0.47015000000000001,0.29442000000000002,0.51637999999999995,0.47674,0.19627,0.32834999999999998,0.23649999999999999,0.31596999999999997,0.24207000000000001,0.18825,0.38245000000000001,0.27306000000000002,0.35824,0.41787000000000002,0.31829000000000002,0.25835000000000002,0.51619000000000004,0.30975000000000003,0.44834000000000002,0.57704,0.64976999999999996,0.24279000000000001,0.45033000000000001,0.36086000000000001,0.26645999999999997,0.31616,0.33184000000000002,0.43517,0.41463,0.38784000000000002,0.45456000000000002,0.60636999999999996,0.44178000000000001,0.66588000000000003,0.65283000000000002,0.65427000000000002,0.71191000000000004,0.51283999999999996,-0.40490999999999999,-0.40811999999999998,-0.31833,-0.39665