"","Bin.4.02","Bin.3.34","Bin.3.30","Bin.3.94","Bin.4.38","Bin.3.58","Bin.3.02","Bin.6.38","Bin.6.30","Bin.6.50","Bin.6.46","Bin.2.94","Bin.2.82","Bin.2.78","Bin.3.10","Bin.2.18","Bin.1.26","Bin.2.90","Bin.2.86","Bin.7.90","Bin.7.10","Bin.2.66","Bin.2.70","Bin.2.54","Bin.3.14","Bin.2.58","Bin.3.18","Bin.2.46","Bin.2.62","Bin.2.50","Bin.3.98","Bin.7.62","Bin.7.58","Bin.7.54","Bin.7.66","Bin.7.86","Bin.7.82","Bin.2.74","Bin.4.06","Bin.4.04","Bin.3.06","Bin.3.04","Bin.8.54","Bin.6.42","Bin.6.34","Bin.6.54","Bin.6.62","Bin.6.58","Bin.0.62","Bin.0.58","Bin.0.54","Bin.9.38","Bin.0.74","Bin.0.70","Bin.0.66","Bin.9.02","Bin.8.94","Bin.9.30","Bin.9.10","Bin.9.06","Bin.6.66","Bin.6.94","Bin.6.70","Bin.6.78","Bin.6.74","Bin.6.90","Bin.6.86","Bin.7.70","Bin.7.50","Bin.7.94","Bin.8.86","Bin.9.14","Bin.8.82","Bin.6.98","Bin.9.46","Bin.0.38","Bin.9.34","Bin.9.18","Bin.9.74","Bin.9.66","Bin.9.62","Bin.9.58","Bin.9.26","Bin.8.18","Bin.8.02","Bin.7.18","Bin.7.14","Bin.9.94","Bin.9.70","Bin.9.78","Bin.9.90","Bin.9.54","Bin.9.98","Bin.9.86","Bin.9.82","Bin.7.30","Bin.7.26","Bin.7.22","Bin.2.34","Bin.3.26","Bin.7.98","Bin.7.34","Bin.7.42","Bin.7.38","Bin.1.54","Bin.1.42","Bin.1.02","Bin.0.98","Bin.1.50","Bin.1.06","Bin.2.10","Bin.1.94","Bin.1.38","Bin.1.98","Bin.1.86","Bin.1.82","Bin.1.78","Bin.0.78","Bin.0.94","Bin.0.82","Bin.1.74","Bin.1.70","Bin.1.58","Bin.0.90","Bin.0.86","Bin.1.66","Bin.1.62","Bin.2.98","Bin.2.02","Bin.1.10","Bin.8.22","Bin.2.06","Bin.4.26","Bin.8.62","Bin.8.74","Bin.8.70","Bin.8.38","Bin.8.42","Bin.8.26","Bin.8.14","Bin.8.78","Bin.8.30","Bin.8.66","Bin.8.58","Bin.9.22","Bin.9.50","Bin.9.42","Bin.0.50","Bin.0.46","Bin.0.42","Bin.0.30","Bin.0.34","Bin.0.26","Bin.0.22","Bin.8.98","Bin.8.90","Bin.7.74","Bin.8.10","Bin.8.06","Bin.8.34","Bin.7.78","Bin.6.82","Bin.8.50","Bin.8.46","Bin.7.06","Bin.7.46","Bin.7.02","Bin.3.66","Bin.3.62","Bin.4.18","Bin.2.26","Bin.1.22","Bin.2.14","Bin.2.38","Bin.1.18","Bin.3.46","Bin.3.42","Bin.3.22","Bin.2.42","Bin.3.74","Bin.3.70","Bin.3.54","Bin.3.50","Bin.3.38","Bin.3.90","Bin.3.86","Bin.3.82","Bin.3.78","Bin.1.34","Bin.1.30","Bin.4.34","Bin.4.22","Bin.4.14","Bin.4.30","Bin.4.10","Bin.1.90","Bin.1.14","Bin.1.46","Bin.2.30","Bin.2.22"
"Bin.4.02",1,0.1717917,-0.02996631,-0.09563718,-0.02949658,0.06413503,0.1139387,0.2266368,0.2227621,0.2330763,0.2815241,0.0246087,-0.1121213,-0.003830407,0.06600271,0.08985633,0.2758872,-0.126545,-0.3306836,-0.1143414,-0.1393844,-0.1716762,-0.09021319,-0.1499416,0.0577377,-0.02680723,-0.04068033,-0.06313992,0.001526709,-0.09539822,0.04863409,-0.1655139,-0.1970202,-0.1702942,-0.1222806,-0.1193551,-0.1447982,0.2758187,0.2456875,0.403755,0.2632013,0.2692066,0.1971602,-0.09496674,-0.1190523,-0.1768676,-0.1769089,-0.1845818,-0.2522858,-0.3283775,-0.3226073,-0.2515521,-0.3513828,-0.3406569,-0.3400879,-0.2609317,-0.2948348,-0.20984,-0.3337032,-0.3287131,-0.336674,-0.4199099,-0.3531342,-0.3660042,-0.3494707,-0.1792194,-0.106857,0.02999924,-0.1720489,0.09042037,0.02166592,-0.005614075,-0.03458105,-0.2294647,-0.1458568,-0.1731702,0.1100294,-0.1179268,-0.0674012,-0.09447064,-0.05659138,-0.09084841,0.1010076,0.2197281,0.2371976,0.0723528,0.1705968,0.1536652,0.2114185,0.09233498,0.09527372,-0.03224615,-0.08696301,-0.05372843,-0.01208661,-0.1804064,-0.1744285,-0.1498654,-0.2123915,-0.3486081,-0.05101653,-0.2412558,-0.1959625,-0.170218,0.1022343,-0.05412667,0.03282626,0.05503123,-0.03937225,-0.1467645,0.1469478,0.09504073,0.03314777,0.2332071,0.08022526,0.2505186,0.231311,0.1050115,0.09386692,0.1152601,0.1251262,0.1676324,0.2940995,0.1657635,0.2005086,0.2606592,0.1712659,0.2670942,0.1873035,0.08545288,0.4796978,0.2951463,0.1273764,0.4756755,0.3021339,0.3367487,0.4360346,0.3664809,0.3735123,0.237003,0.2140188,0.2642634,0.3255202,0.3123192,-0.2749194,-0.192369,-0.1185306,-0.1345022,-0.2271632,-0.1813941,-0.1337635,-0.1811541,-0.1913421,-0.1956534,-0.03731343,-0.1770078,0.0825941,0.2425685,0.1727395,0.1690648,0.1097868,0.1292723,0.2565429,0.05877057,0.02135867,-0.154907,-0.06844476,0.09686095,0.03405396,-0.07744599,-0.09070355,-0.004166799,-0.1474275,-0.1076417,-0.2416964,-0.2130511,-0.2312695,-0.1528054,-0.3082739,-0.1441712,-0.08138509,-0.2607932,-0.2080893,0.09515873,-0.08221651,0.01583763,-0.005715004,0.07794793,-0.2217022,0.08851193,0.1693386,0.1095416,0.1711079,0.4118896,0.5639971,-0.1109258,-0.1933807,-0.1737851,-0.09093719,0.07071529
"Bin.3.34",0.1717917,1,0.6348866,0.2195597,-0.0571506,0.2505578,-0.2237685,0.1497007,0.1913874,0.1523164,0.1660615,-0.05387615,0.08774556,0.1074798,0.3073131,0.2577688,0.2710378,0.01958353,-0.2299421,-0.2843782,0.1081524,0.1505982,0.2285133,0.2588401,0.389183,0.244627,0.1685352,0.1946727,0.2928921,0.3201137,0.3220523,0.1046453,0.1230575,0.1749748,0.1641809,0.2127108,0.1834596,0.228102,0.1215949,0.1386077,0.1321609,0.07007662,0.181178,-0.01624339,-0.028514,-0.02470024,-0.04298604,-0.02324899,-0.303969,-0.3265973,-0.3175711,-0.1283861,-0.2648397,-0.2729536,-0.2789702,-0.1746749,-0.270464,-0.04714631,-0.1959088,-0.2199051,-0.1959452,-0.2090849,-0.2282617,-0.2282611,-0.2294718,-0.345948,-0.1136176,-0.2253061,-0.2058293,0.005871663,0.1037636,0.1905412,0.1140455,-0.09057285,-0.1818009,-0.2087965,0.1447435,-0.1386925,0.02218225,-0.03159737,-0.07167879,0.04199492,0.0730334,0.07468778,0.2779508,0.09979615,-0.05618984,0.105178,-0.03278817,-0.1364421,-0.07142983,-0.02112114,-0.07490949,-0.001005044,0.03194709,0.04375905,-0.2807955,-0.1044799,-0.01360066,0.05508989,-0.3224614,-0.2931629,-0.2207755,-0.2150758,-0.2989209,-0.3060096,-0.2891978,-0.2891601,-0.2831894,-0.2545523,-0.3943547,-0.2216575,-0.1486568,-0.08872813,-0.1869397,-0.08510404,-0.1223891,-0.2898591,-0.3100121,-0.3076975,-0.3311964,-0.3205849,-0.1498435,-0.2459579,-0.220027,-0.146983,-0.2293395,-0.1624906,-0.1852595,0.02924632,0.1216341,-0.1236509,-0.198331,0.08330238,0.009250115,0.09164703,0.001219791,-0.1301969,-0.0954345,-0.243509,-0.07760605,-0.3022261,-0.1489272,-0.1498804,-0.2797069,-0.0701931,-0.08941038,-0.2051928,-0.01839715,-0.1274191,-0.1290337,-0.06568403,-0.1017721,-0.0705169,-0.2121305,-0.2848508,0.02178238,0.04887278,0.1408998,-0.09746682,-0.2665293,-0.3138132,-0.04835994,-0.1016512,-0.3446675,-0.3242704,-0.2411372,0.02578176,-0.04363035,-0.1340768,-0.2281955,0.1721117,-0.1979475,0.03321013,-0.06161371,0.06026373,0.08863469,-0.01326881,0.01551335,0.03878707,-0.1573299,0.04497067,0.03804873,0.1914211,-0.1482556,-0.1565752,-0.1446694,-0.02214368,-0.1166725,0.0466162,0.03012409,-0.2855678,0.04797938,0.05896631,0.2131353,-0.3381748,-0.01774234,-0.2345024,-0.09850495,0.06627793
"Bin.3.30",-0.02996631,0.6348866,1,-0.1616981,-0.07879334,0.2656918,-0.3317797,0.05155615,0.06844619,0.06979143,0.05879583,0.07833738,0.009874837,0.05714176,0.616333,0.364027,0.2903173,-0.07782139,-0.1319512,-0.3177994,-0.05900895,0.001658307,0.1467988,0.1809088,0.3207032,0.2654995,0.01414879,0.1252614,0.1621607,0.4431893,0.1809913,0.1259468,0.1356776,0.1169285,0.06557767,0.1391144,0.1064663,0.3101848,0.08922951,0.07177454,0.1329897,0.05143101,0.3412661,0.1231657,0.1182325,0.2176618,0.2513131,0.2489841,0.1082199,0.08619918,0.08213834,0.1150302,0.09376968,0.09860737,0.05991577,0.1928381,0.1095241,0.08506723,0.1265229,0.0725348,0.1338262,0.09077169,0.1050438,0.1055076,0.09319613,-0.006841765,0.1075231,-0.1196043,-0.06434271,-0.1345841,0.145588,0.1710317,0.1340899,-0.0230743,-0.003245575,-0.03567918,0.1752594,0.1453682,0.1370073,0.1407739,0.1975396,0.09390636,0.02493229,0.2266449,0.4222568,0.2110238,0.1717791,-0.02132562,0.08248284,-0.03289239,-0.01896953,0.2138605,-0.03871849,-0.01838134,-0.004692567,-0.09132812,-0.2710589,-0.2102539,-0.1377585,0.03541062,-0.2430012,-0.3563617,-0.4001927,-0.3551506,-0.03368664,-0.1195758,-0.04420407,-0.02796212,-0.0008278461,-0.02289099,-0.2920074,-0.2528781,0.03967398,-0.05706838,-0.01852318,0.06226133,0.02415674,-0.01637256,-0.06453592,-0.09695612,-0.02837126,-0.07435224,-0.04953797,-0.01347405,-0.04721783,0.007760394,-0.1176709,-0.1754454,-0.1097781,0.1379387,0.2034671,0.02376267,-0.05705299,0.09861425,-0.003786804,0.06600122,0.1302259,0.07503306,0.07718098,0.008022074,-0.01810815,0.01203652,0.09420078,0.1085187,0.06890436,0.08659575,0.0799195,0.06297827,0.1925002,0.06532468,0.02360202,0.1522411,0.1053873,0.07289974,0.1085268,0.09967722,0.05206223,0.137351,0.3097532,0.1641604,-0.09221452,-0.1697488,0.2222497,0.2472069,-0.3208253,-0.1175408,-0.2343962,-0.1316389,-0.1447388,-0.247194,-0.3598614,0.1315555,0.004963189,0.02299294,-0.08925947,-0.06556819,-0.05265275,-0.1210907,-0.1241492,0.1108708,-0.1863445,0.08293419,-0.03222281,-0.05046088,-0.1835562,-0.09495899,-0.07918661,0.05096756,-0.1592089,-0.06713398,0.1010496,-0.1706806,0.05287856,0.05389818,0.1711171,-0.3599336,0.008996196,-0.07928418,-0.008415857,0.02898985
"Bin.3.94",-0.09563718,0.2195597,-0.1616981,1,0.1557788,0.3603199,0.127835,0.04226414,0.05129675,0.05737863,0.02402786,-0.1086207,0.1160087,0.1402593,-0.1093006,0.2225328,0.1234058,0.08954795,-0.113687,0.04397334,0.1560382,0.2571623,0.1873388,0.2315115,0.06127064,0.2396516,-0.1846793,0.2431428,0.2356352,0.09300363,0.04539088,-0.02204869,-0.05200299,0.0001139124,0.02377532,0.008540448,0.04480423,0.007762728,-0.3307701,-0.3326778,-0.2776444,-0.2148696,-0.2370356,-0.0954882,-0.09259954,-0.1169914,-0.1696718,-0.1514224,-0.3292862,-0.3510857,-0.3511216,-0.1018261,-0.2186435,-0.2032023,-0.1974327,-0.23982,-0.2532638,-0.1212455,-0.1527682,-0.1849509,-0.172986,-0.09377389,-0.1877601,-0.1787127,-0.1613315,-0.1509294,-0.07977186,-0.0216907,0.06902752,-0.03468468,0.2214037,0.2612578,0.2645192,0.2892796,-0.0309941,-0.1096808,-0.1130341,-0.07697351,-0.06928642,-0.1717714,-0.1468252,0.1138005,-0.03795987,-0.3537186,-0.1212358,0.03260881,0.02953075,0.08718693,-0.03588117,-0.004527604,0.02172622,-0.04748814,0.04098033,0.0694744,-0.001412222,0.3660947,0.2208592,0.2621202,0.3771392,0.02064041,0.05653652,0.2735862,0.2358416,0.2191407,-0.154949,-0.06612794,-0.0766117,-0.1364219,-0.1014053,-0.1595151,-0.05757341,0.1363284,-0.179318,-0.06452686,-0.04703101,-0.08632347,-0.181091,-0.1952522,-0.1540684,-0.1855918,-0.1962647,-0.2258964,-0.1305265,-0.1557691,-0.08470104,-0.2865778,-0.2030907,0.02992779,-0.0627867,0.02189461,-0.3765047,-0.08890757,-0.07226612,-0.2533973,-0.07501054,-0.1196839,-0.2737981,-0.2392779,-0.1895958,-0.2291558,-0.04504525,-0.2758621,-0.3530882,-0.3145288,-0.1683989,-0.04010784,-0.1198211,-0.06635725,-0.014399,-0.05193343,-0.0787827,-0.1130017,-0.07390132,-0.01446867,-0.4295003,-0.3724294,-0.01983184,0.07389364,-0.05828859,-0.3317494,0.0503674,-0.07859156,-0.2682278,-0.1663706,0.2393514,0.0410552,0.1367593,0.2137785,0.3396323,0.1254734,0.1100902,0.01629689,0.08887722,-0.02154281,-0.04544264,0.2117469,0.1549162,-0.04906264,0.1275478,0.09401683,0.1024139,0.2045696,0.2907259,0.1386738,0.4145628,0.2703309,0.1199156,0.09075986,0.1432619,0.1549966,-0.09886979,0.01927289,-0.1287021,-0.1533037,-0.167583,-0.09815994,-0.1202852,-0.07357216,0.07385292,0.05577487
"Bin.4.38",-0.02949658,-0.0571506,-0.07879334,0.1557788,1,0.3378934,0.2113645,0.119353,0.09898525,0.1083318,0.07194164,0.05783309,0.01086538,-0.08708352,-0.08001487,-0.02774735,0.06902461,0.08583444,0.05737707,0.05294735,-0.08637057,0.2796397,0.2606303,0.3088896,0.2554163,0.08592049,0.2335678,0.3224675,0.1921989,0.1795089,0.1257626,0.02417111,-0.02631913,0.04757744,0.03450071,0.06236105,0.07513976,-0.1235341,0.05047325,0.04283535,0.009799916,0.06123739,-0.02342948,-0.08729526,-0.08500217,-0.1926752,-0.2194719,-0.2226712,-0.2091036,-0.2014609,-0.2007809,-0.2443863,-0.3026049,-0.309436,-0.3154863,-0.245912,-0.3016696,-0.2118042,-0.178089,-0.2346306,-0.242758,-0.2304746,-0.2707325,-0.2495041,-0.2682892,-0.172459,-0.2370778,-0.1474082,-0.2383903,-0.2472049,-0.1372386,-0.08803963,-0.0876281,-0.2243248,0.04233695,-0.08214516,-0.2243568,-0.09442261,-0.2592563,-0.2792949,-0.0195586,-0.2456196,-0.07727209,-0.1346204,-0.08900095,-0.2059668,-0.2059421,0.06409257,-0.03538166,0.2490075,0.008146453,0.158001,-0.01624125,-0.04229216,0.005276072,-0.03719952,-0.1697541,-0.05070271,0.04271652,-0.2666453,-0.01971162,-0.1122189,-0.06032492,-0.1463477,-0.1538746,-0.1856344,-0.251252,-0.2324164,-0.111571,-0.2288528,-0.1599095,-0.1659918,-0.2620371,-0.235709,-0.2440066,-0.1711289,-0.2026246,-0.3142565,-0.235496,-0.2570807,-0.1967375,-0.2038011,-0.2283096,-0.2307437,-0.1968056,-0.2641118,-0.2378125,0.00239103,-0.003333504,-0.1029942,-0.1911769,-0.05709796,-0.06149884,-0.3813319,-0.2230663,-0.2755872,-0.3918458,-0.2765682,-0.3883735,-0.3172537,-0.08250022,-0.2624077,-0.3062201,-0.3726731,-0.2631677,-0.2127024,-0.04051013,-0.1431236,-0.166448,-0.2135006,-0.05795618,-0.1512005,-0.0472656,-0.0743307,-0.2974544,-0.3174889,-0.3252521,-0.1517523,-0.2141456,-0.3376246,-0.2561624,-0.1891543,-0.1522535,-0.2771505,-0.2084385,-0.2596651,-0.3116727,-0.2319825,-0.1833561,-0.1075754,-0.1854128,-0.06442152,-0.01913048,-0.008948126,-0.09532816,-0.05394568,-0.02665699,0.02284756,0.1078821,-0.2138403,-0.2049013,-0.07531304,-0.05985401,-0.02522711,-0.0365429,-0.009992876,0.001008859,-0.08280265,0.0606119,0.0387201,0.3616105,0.07612779,-0.1546723,-0.08315805,-0.0823152,-0.187139,-0.2086334,-0.1904579,-0.1750244,-0.05931892
"Bin.3.58",0.06413503,0.2505578,0.2656918,0.3603199,0.3378934,1,-0.1514681,0.1659741,0.1552812,0.177853,0.147835,0.2167674,0.09971551,0.01317076,0.06291994,0.2031672,0.2962406,-0.1035343,-0.2102244,0.02163029,-0.01587509,0.4610075,0.4425652,0.5243647,0.2939656,0.4212066,0.1643338,0.5163711,0.4121592,0.3574769,0.1692976,-0.03233985,-0.04985535,0.002511091,0.08502259,0.05097483,0.05437316,0.1656396,-0.04373428,-0.0357556,-0.03283373,-0.07067178,-0.03479515,-0.01316752,-0.03148051,-0.07362495,-0.1038058,-0.09900837,-0.2527101,-0.2634332,-0.2812302,-0.2078065,-0.2432587,-0.2375616,-0.2578587,-0.2210991,-0.2320497,-0.2553428,-0.1739253,-0.1635089,-0.1670601,-0.1760927,-0.1925222,-0.1959943,-0.1945532,0.04259179,0.007248738,-0.1201161,-0.1049865,-0.2857858,0.02483163,0.06026058,0.01632216,0.03252182,-0.04143569,-0.1125905,-0.2639385,-0.1461319,-0.1164581,-0.3348122,-0.09502115,-0.08951015,-0.2158528,0.020012,0.0509161,0.02331386,-0.03816905,-0.04644713,-0.05746523,0.06255312,-0.05821633,-0.01634311,-0.07999145,-0.06916379,-0.03697651,0.09462632,-0.1876147,-0.0791498,-0.08227867,0.01022905,-0.2478115,-0.2605602,-0.3007907,-0.2726907,-0.01042824,-0.2892602,-0.2046834,-0.1866261,-0.08392122,-0.2387441,-0.2716248,-0.3655736,-0.350772,-0.2224013,-0.2065466,-0.1582207,-0.2094004,-0.23999,-0.2439515,-0.2678117,-0.1703376,-0.2672354,-0.1843347,-0.17945,-0.1347103,-0.2972922,-0.3078326,-0.04340746,-0.04140498,-0.003750108,-0.08713931,-0.01657703,-0.1390438,-0.1662317,-0.08947239,-0.113392,-0.20417,-0.165661,-0.2563089,-0.2213122,-0.1566777,-0.2981566,-0.2448822,-0.2363504,-0.2462505,-0.1967889,-0.2648737,-0.1069474,-0.1379233,0.02868025,0.04831648,0.03358596,0.01029527,0.01547137,-0.1322063,-0.1896241,-0.05906564,-0.05856825,-0.1353495,-0.1955173,-0.05034529,-0.05422054,-0.1258841,0.1833982,-0.1137924,-0.2428741,-0.0618077,-0.0890613,0.1738395,-0.2248413,-0.3616414,0.08975046,0.0949501,-0.1054611,-0.2154027,0.1067689,0.04420305,0.026996,-0.01499198,-0.04863411,-0.09364059,0.270726,0.1349832,0.06109207,0.1417956,0.216573,0.2193542,0.1588169,0.01200488,0.02501419,0.1470604,0.0276792,-0.1318413,-0.08866511,-0.01651039,-0.5232531,-0.2883005,-0.2116089,-0.1778849,-0.03786474
"Bin.3.02",0.1139387,-0.2237685,-0.3317797,0.127835,0.2113645,-0.1514681,1,0.1648044,0.1527976,0.1539694,0.1162706,-0.07761086,-0.2668135,-0.3192598,-0.04592791,0.07476669,-0.1580602,0.1746808,0.05920533,0.08218218,0.04531324,-0.02792865,0.2102303,-0.01294086,-0.0189015,0.02925994,0.1055903,-0.09027769,0.005427369,-0.01251765,0.07693398,0.2170094,0.07897153,0.1598535,0.08450292,0.1138424,0.1882448,-0.3254834,0.09787897,0.131379,0.04472939,0.2953477,0.02638011,-0.005162864,0.01203727,-0.04758418,-0.05218304,-0.063298,-0.2055189,-0.2280849,-0.1797338,-0.1089749,-0.1940468,-0.1989105,-0.1911086,-0.1994086,-0.1370995,-0.07415901,-0.03015915,-0.137637,-0.1197821,-0.1453406,-0.1422681,-0.1336432,-0.1215195,-0.1056431,0.0004774448,0.06232331,0.210915,-0.0223663,-0.1677694,-0.09431883,-0.01032108,-0.1486043,0.004652333,-0.05923759,-0.05817445,0.02560537,-0.04911264,0.06109596,-0.06554812,-0.06485711,0.1674459,0.1254556,-0.06127019,0.1599943,0.1143446,0.2306003,0.06140743,0.08033252,-0.00168167,0.09157237,0.1911695,0.02841886,0.0437997,0.1111247,0.2903595,0.2480578,0.1435654,-0.1751891,0.1553604,0.2799969,0.1850111,0.1366284,-0.1426454,-0.2186816,-0.1300166,-0.2131491,-0.2240917,-0.1620757,0.06723303,-0.05863117,-0.1136797,-0.03978246,-0.06681792,-0.2196691,-0.1903881,-0.1649781,-0.1559778,-0.06984448,-0.1524064,-0.1375513,-0.09049801,-0.0697864,-0.009720243,-0.05170594,-0.1019499,0.1977652,0.08457887,-0.1622147,-0.1556428,-0.2892419,-0.3320891,-0.2914685,-0.1492162,-0.2422272,-0.2668545,-0.08988843,-0.1287489,-0.1045887,-0.06327838,-0.005889946,-0.170284,-0.1613818,-0.07967553,-0.1029962,-0.06214383,-0.1559653,-0.2087936,-0.220536,-0.138772,-0.1000576,-0.04551858,-0.08870073,-0.1395954,-0.1162794,-0.3472495,-0.08468307,-0.1422869,-0.2247168,-0.1139989,0.05799644,0.02031805,-0.1420553,0.07042217,0.01669481,-0.04693861,0.003008119,0.02323896,-0.2774858,0.1337142,-0.3591997,0.06555962,-0.07132891,-0.1068902,-0.3625793,-0.1561526,0.06284193,0.0794196,-0.3965475,-0.2285397,-0.3378396,-0.350144,-0.3065737,-0.1439065,-0.3666163,-0.3338906,-0.1787218,-0.02035098,0.2040887,-0.3217552,-0.2153697,-0.4582387,-0.3405482,-0.3332014,0.1082068,0.1117819,-0.2180273,-0.1727506,-0.1064177
"Bin.6.38",0.2266368,0.1497007,0.05155615,0.04226414,0.119353,0.1659741,0.1648044,1,0.9910534,0.9945314,0.9900048,-0.1970347,-0.01198799,0.009511664,0.02963395,0.1014698,-0.06186848,-0.01659779,-0.2335508,-0.1667631,-0.008324092,0.06040941,0.1309752,0.1295397,0.1369673,0.02975068,0.05878109,0.02842946,0.02362656,0.06803734,0.1904065,0.1366591,0.1534502,0.1550201,0.2158875,0.2183345,0.2105158,0.1635259,0.2398471,0.2739523,0.2060001,0.2504371,0.03092505,0.7058497,0.7052839,0.5348118,0.4172083,0.4363803,-0.2298718,-0.2425173,-0.2285018,-0.1582896,-0.2164861,-0.2398325,-0.2484561,-0.1744765,-0.1773305,-0.09867722,-0.1134898,-0.1006898,0.02228859,-0.1189813,-0.07423047,-0.1104939,-0.1020109,-0.05637709,-0.02531623,0.2019017,0.01586035,0.02471533,-0.00519419,0.1342516,0.0317982,-0.0299297,-0.1432916,-0.2156954,0.2196102,0.2320066,0.2130895,0.1491616,0.2036789,0.1513916,-0.01366782,-0.02538211,0.05266373,0.003604426,-0.0252398,0.2992291,0.1293852,0.1678237,0.2946348,0.1313272,0.2885669,0.02065618,0.275246,0.1610856,0.1036746,0.1152772,0.1084187,-0.1365592,-0.02032776,-0.006196211,-0.09205698,-0.05520592,-0.2841712,-0.4213103,-0.3703363,-0.332873,-0.4084621,-0.4113871,-0.2487743,-0.2445487,-0.2805912,-0.2161742,-0.2731166,-0.2812241,-0.3168551,-0.370414,-0.29921,-0.3325178,-0.3645619,-0.341764,-0.2906844,-0.2911092,-0.2872133,-0.2686088,-0.2934027,-0.1695907,-0.1373412,-0.3594229,-0.06010247,-0.1138686,-0.1690885,-0.09638001,-0.100506,-0.08266728,-0.1633307,-0.1619463,-0.1861912,-0.1525528,-0.1662333,-0.1439967,-0.1726264,-0.1776855,-0.1163901,-0.1156837,-0.1207942,-0.2277592,-0.2327502,-0.2389587,-0.2021259,-0.1877627,-0.2040368,-0.1927077,-0.1129995,-0.1876207,-0.06335431,-0.02875695,-0.1486738,-0.03225728,-0.02557188,0.04764928,-0.1113281,-0.159258,-0.1672641,-0.08456445,-0.03433962,0.08035416,0.120052,-0.1364654,-0.1790574,-0.06600021,-0.1426904,-0.142482,-0.1488998,-0.241549,-0.2632964,-0.2899346,0.01506526,-0.2402319,-0.1540471,-0.1632745,-0.2766066,-0.1656288,-0.2008409,-0.1524665,-0.03228953,-0.04239354,-0.1268891,-0.02009865,-0.04556418,-0.05264034,-0.08062448,-0.06946403,0.01434008,-0.1970178,-0.1612952,-0.4242586,-0.2586533,-0.1185614
"Bin.6.30",0.2227621,0.1913874,0.06844619,0.05129675,0.09898525,0.1552812,0.1527976,0.9910534,1,0.9814005,0.9815221,-0.2116771,-0.01949384,-0.005137559,0.04259178,0.1031131,-0.06361476,-0.04208057,-0.268003,-0.191062,-0.01343819,0.0855378,0.1400299,0.1494036,0.1528751,0.03278534,0.06422299,0.02892973,0.02067436,0.06650275,0.2016178,0.1361969,0.1595555,0.1616191,0.2219352,0.2314314,0.216433,0.1814791,0.2580269,0.2909102,0.2170364,0.2595501,0.02617366,0.7057313,0.709573,0.5364939,0.4185899,0.4405578,-0.2402936,-0.2497844,-0.2345434,-0.1458063,-0.2192933,-0.2409139,-0.2487104,-0.1682622,-0.1706702,-0.09320492,-0.1179209,-0.1098738,0.02546005,-0.1134889,-0.07320228,-0.1094665,-0.1027432,-0.06416838,-0.02328427,0.1823567,-0.008316028,0.0198625,-0.03076988,0.1144599,0.007440614,-0.01963311,-0.1464789,-0.1851325,0.2739417,0.2348909,0.23075,0.1647096,0.2053459,0.1605345,-0.008939957,-0.006350221,0.08844302,0.004022812,-0.03372461,0.305031,0.1386698,0.1571152,0.2875602,0.1483094,0.2773931,0.03210267,0.2787821,0.1619099,0.08260263,0.1021513,0.09279954,-0.1207836,-0.05440289,-0.01906589,-0.1113235,-0.07545594,-0.3139549,-0.4498992,-0.3906008,-0.3532341,-0.4486219,-0.4219125,-0.289077,-0.2799962,-0.2983888,-0.2461065,-0.3076202,-0.3079082,-0.3481205,-0.4001992,-0.3263425,-0.3619991,-0.4002676,-0.374167,-0.3207601,-0.3237817,-0.3172176,-0.2980966,-0.3233475,-0.1957575,-0.1650915,-0.3637511,-0.0358404,-0.1199643,-0.1640142,-0.0804492,-0.08808542,-0.06263079,-0.1525535,-0.1624169,-0.1824211,-0.1447747,-0.1873595,-0.1715428,-0.1919692,-0.1750743,-0.1252948,-0.1049002,-0.1161466,-0.2495062,-0.2302003,-0.2198936,-0.1812459,-0.2017318,-0.1950794,-0.1770657,-0.1065675,-0.1847515,-0.06324622,-0.06781967,-0.1587713,-0.034418,-0.03796257,0.02679266,-0.1304821,-0.1515584,-0.1946625,-0.1086969,-0.05649662,0.06953822,0.107623,-0.1358672,-0.2065989,-0.06778913,-0.1739335,-0.1624579,-0.1545041,-0.2416427,-0.2583112,-0.2979647,0.01814826,-0.2470788,-0.1684106,-0.1702045,-0.2866258,-0.1478166,-0.20747,-0.1664566,-0.03856465,-0.0457809,-0.1405643,-0.03271834,-0.06450512,-0.06551479,-0.06133044,-0.05118379,0.02953291,-0.2341996,-0.1753609,-0.4559983,-0.2868889,-0.1291835
"Bin.6.50",0.2330763,0.1523164,0.06979143,0.05737863,0.1083318,0.177853,0.1539694,0.9945314,0.9814005,1,0.9913235,-0.1963203,0.002138097,0.02505749,0.02718481,0.1274291,-0.04625624,-0.002299475,-0.217709,-0.1669754,-0.01719221,0.04308655,0.126478,0.1150961,0.1124849,0.04395367,0.0362038,0.02844031,0.03536289,0.06891211,0.1846666,0.140131,0.1455512,0.1492764,0.2053173,0.2103175,0.2069902,0.1645783,0.215894,0.2517535,0.1884419,0.2313277,0.05117758,0.7047491,0.7011294,0.54224,0.4241911,0.4396533,-0.2082138,-0.2235237,-0.2117288,-0.1481348,-0.2098802,-0.2293294,-0.2424462,-0.1568895,-0.167121,-0.1017761,-0.09566498,-0.08669821,0.028722,-0.1148281,-0.06946673,-0.105483,-0.09500856,-0.04642475,-0.02377023,0.2108786,0.03163252,0.006871812,0.03534454,0.1717735,0.07106583,-0.01650762,-0.1259943,-0.2225184,0.2194282,0.2561585,0.237829,0.1732543,0.2347806,0.1798609,-0.01241754,-0.038388,0.05803079,0.01319297,-0.01945676,0.3199716,0.1516637,0.1692588,0.3260177,0.1489681,0.3174162,0.05239641,0.2980522,0.1601692,0.122107,0.1207597,0.1186732,-0.1560026,-0.01827711,-0.01182601,-0.09780181,-0.06493718,-0.2613227,-0.398891,-0.3444506,-0.3133493,-0.38269,-0.3937622,-0.2331338,-0.2272727,-0.256543,-0.1898456,-0.2392105,-0.2546395,-0.2977647,-0.3417961,-0.2776608,-0.3053449,-0.3532278,-0.3266364,-0.2646008,-0.2679158,-0.25836,-0.2495116,-0.272673,-0.1576597,-0.1297276,-0.32956,-0.06123299,-0.09152144,-0.1460503,-0.08107158,-0.07647191,-0.06183581,-0.1451207,-0.1306694,-0.1611643,-0.1345277,-0.1185304,-0.1175494,-0.1317103,-0.1537073,-0.1089158,-0.08112879,-0.09460238,-0.2047124,-0.2083704,-0.2460018,-0.2079836,-0.1622014,-0.190613,-0.1821549,-0.1127349,-0.1851064,-0.06194442,0.01725525,-0.1082523,-0.02512255,-0.008340442,0.06867594,-0.07453816,-0.1350587,-0.1417885,-0.07007961,-0.01449987,0.09284779,0.1402093,-0.1171679,-0.1749081,-0.05267999,-0.1394535,-0.1227583,-0.1419134,-0.23157,-0.2618157,-0.2821761,0.01701828,-0.2306458,-0.1418459,-0.1429407,-0.2620879,-0.1627156,-0.171469,-0.1302103,-0.02003278,-0.04053098,-0.1103037,0.003055331,-0.0220229,-0.02077524,-0.07500579,-0.05978378,0.01349798,-0.1945719,-0.1448027,-0.4117152,-0.2380616,-0.09907576
"Bin.6.46",0.2815241,0.1660615,0.05879583,0.02402786,0.07194164,0.147835,0.1162706,0.9900048,0.9815221,0.9913235,1,-0.2135109,-0.01026459,0.02318212,0.02460633,0.1042702,-0.07189702,-0.03437429,-0.2389671,-0.1689397,-0.031647,-0.01176597,0.05749145,0.04971207,0.07032034,-0.0002337305,0.006133474,-0.01476265,-0.01190617,-9.605411e-05,0.1492452,0.09028465,0.1047496,0.1010593,0.1612649,0.1651137,0.1545687,0.1849347,0.2220471,0.2643377,0.1910841,0.2227257,0.03058111,0.7008682,0.6982758,0.528111,0.4052619,0.4225328,-0.2021515,-0.2203086,-0.2114695,-0.1385482,-0.2055451,-0.2225087,-0.2312091,-0.1525214,-0.1557937,-0.1065371,-0.113214,-0.1018584,0.01708739,-0.1201389,-0.07320672,-0.109663,-0.09750294,-0.04994275,-0.03089081,0.1986068,0.01069452,0.02269991,0.0101818,0.1358955,0.03570494,-0.01221552,-0.1498421,-0.2079985,0.2634837,0.2446549,0.2270004,0.1600782,0.2319877,0.1706103,-0.0199641,-0.0196835,0.07288554,0.003956295,-0.02747355,0.3270518,0.1673264,0.1545613,0.3294196,0.1254047,0.2856876,0.03824941,0.2695292,0.127203,0.1013894,0.09494029,0.08862771,-0.1567583,-0.03501805,-0.005737542,-0.0850171,-0.04589282,-0.2481704,-0.3758583,-0.316782,-0.2800333,-0.374057,-0.3906622,-0.2046312,-0.2068317,-0.2415153,-0.1768683,-0.2294798,-0.236751,-0.2775859,-0.3089581,-0.2469991,-0.2758338,-0.3341345,-0.3006601,-0.2371232,-0.2472002,-0.2391088,-0.2200622,-0.2435818,-0.1697591,-0.141031,-0.3503337,-0.01192923,-0.07013477,-0.07686741,0.01584227,-0.006557294,0.02435584,-0.06596539,-0.07369931,-0.1022884,-0.08592498,-0.09978212,-0.08677952,-0.07845935,-0.09567527,-0.1123358,-0.08840407,-0.09295581,-0.1997507,-0.2095814,-0.2348311,-0.1904761,-0.163126,-0.1817916,-0.1707275,-0.1052766,-0.1839764,-0.04083182,0.007572848,-0.1102254,0.009049782,0.0011712,0.08674086,-0.06281272,-0.1358034,-0.1339437,-0.05047128,0.001271072,0.1101218,0.1560995,-0.07329404,-0.145438,-0.04431405,-0.1412043,-0.124865,-0.1251752,-0.2057622,-0.2513042,-0.3039321,-0.003431943,-0.1997892,-0.1081426,-0.132338,-0.2397701,-0.1085336,-0.1572477,-0.1095495,-0.004631856,-0.0128643,-0.107919,-0.01153263,0.01982716,0.01112873,0.007786541,0.03551723,0.1023975,-0.1807938,-0.1418489,-0.3954074,-0.2061777,-0.07161791
"Bin.2.94",0.0246087,-0.05387615,0.07833738,-0.1086207,0.05783309,0.2167674,-0.07761086,-0.1970347,-0.2116771,-0.1963203,-0.2135109,1,0.5572995,0.5055416,0.1668118,0.2061717,0.2696756,0.2956215,0.3844095,0.20228,0.3353879,0.4203468,0.09772025,0.2419257,0.2350866,0.2635737,0.1396195,0.3021826,0.399184,0.3994355,0.03662132,-0.1051222,-0.1561545,-0.09598211,-0.1269466,-0.1168125,-0.11574,0.1242056,0.1060585,0.1045651,0.187869,0.1631774,-0.06698377,-0.3412021,-0.3614186,-0.3436875,-0.2787109,-0.286084,-0.03012428,-0.04499113,-0.04248662,-0.2613618,-0.1596336,-0.1386864,-0.1186373,-0.2266559,-0.1996402,-0.2126282,-0.1847561,-0.1842321,-0.2307616,-0.2626795,-0.1888163,-0.2111197,-0.2073723,-0.01326619,-0.0278798,0.1605395,-0.002303607,-0.1449514,-0.004295561,-0.08691242,-0.05840238,-0.2046838,-0.0351993,-0.1358664,-0.3510013,-0.2741833,-0.1968431,-0.274374,-0.09138437,-0.1551295,-0.1482127,-0.04881034,-0.1066532,-0.123782,-0.009543536,-0.1440756,-0.1629252,-0.2351629,-0.172053,-0.1392687,-0.1567463,-0.09097806,-0.2222592,-0.2757126,-0.3763475,-0.345657,-0.2913471,0.07074754,-0.08516042,-0.3028976,-0.3095367,-0.2289351,0.4549844,0.1334479,0.228789,0.2348065,0.2293156,0.297823,0.2072776,0.08297178,0.3182011,0.4235642,0.3794008,0.3986665,0.3794493,0.2442239,0.2238594,0.2591382,0.4258202,0.3839239,0.4487293,0.3119425,0.2613218,0.3212466,0.3269422,0.5538011,0.5036226,0.4145153,0.088936,0.3325343,-0.04437376,-0.1823005,-0.1731623,-0.0855832,-0.03829671,-0.1223993,-0.02030267,-0.02728653,-0.1378632,0.08455375,-0.01400961,-0.1489073,-0.08704272,-0.03027853,-0.07336462,-0.0018229,-0.06586845,0.1089851,0.1623971,-0.02768025,0.1011912,0.089878,0.1413138,0.02428747,0.0274306,-0.01785363,-0.09646725,0.1077656,-0.01801757,0.2108741,0.00385211,0.2225187,0.0674095,-0.116174,0.09125539,-0.2272717,-0.2111942,-0.3711652,-0.07060042,0.03286329,0.2444761,0.1448285,-0.1228034,-0.1917975,-0.1450879,0.04344175,0.05220061,-0.1451498,-0.2478741,-0.1400137,-0.1224672,-0.08778624,-0.09668908,-0.009321854,-0.03252473,-0.1580946,0.003064734,0.1042501,-0.006974195,0.05997557,-0.2571068,-0.09488473,-0.1052195,0.05900538,-0.04662309,0.03975178,0.01559312,0.02910898
"Bin.2.82",-0.1121213,0.08774556,0.009874837,0.1160087,0.01086538,0.09971551,-0.2668135,-0.01198799,-0.01949384,0.002138097,-0.01026459,0.5572995,1,0.8469441,0.1282638,0.2065809,0.1449925,0.3835567,0.4754673,0.05110658,0.2898296,0.3245809,-0.02410308,0.1596791,0.1717063,0.0823053,0.1752861,0.2219003,0.3053637,0.2671585,-0.1163194,-0.2402825,-0.2148555,-0.1961611,-0.1216081,-0.183331,-0.1967933,0.2826249,0.05969747,0.03473485,0.116904,0.05845417,-0.2802496,-0.1861629,-0.1841192,-0.190522,-0.1959302,-0.1835805,-0.08942677,-0.11051,-0.09817991,-0.213034,-0.1860304,-0.1716211,-0.155188,-0.2087456,-0.2158078,-0.1524322,-0.2094121,-0.2313818,-0.1868972,-0.2289815,-0.1547483,-0.2115126,-0.1944097,-0.1263976,-0.08087455,0.1128063,-0.03216284,0.05742672,0.1037814,0.08004658,0.02502232,-0.0524002,-0.1344832,-0.1275739,-0.2053784,-0.3060721,0.02679047,-0.07437865,-0.05300487,0.0025159,-0.09458253,-0.3462757,-0.2745184,-0.2266556,-0.08780865,-0.1297479,-0.2117691,-0.1473979,-0.09129686,-0.1239656,-0.04731496,-0.06547434,-0.0646112,-0.1055468,-0.2431659,-0.2321429,-0.1379736,0.01612688,-0.1774987,-0.13925,-0.2201666,-0.1118613,0.2277843,0.127555,0.03676472,0.06972878,0.01125102,0.1591993,0.1147729,0.1580252,0.3288464,0.4296474,0.3681972,0.3853826,0.3002959,0.1044846,0.1183984,0.1503009,0.1730141,0.1985136,0.2892618,0.1538724,0.1176002,0.1489031,0.2288092,0.3310729,0.4135151,0.2616553,-0.006096056,0.4125246,0.0412792,-0.2754491,-0.3082565,-0.1345976,-0.05339836,-0.2529091,-0.1426222,-0.1683609,-0.1372588,-0.1165167,-0.1113594,-0.2839131,-0.142221,0.1144755,-0.01021341,0.04275409,0.04109785,-0.01899191,0.1125425,0.07711364,0.145204,0.1150495,0.01776119,-0.1174448,0.2153894,0.03408038,0.01929327,0.08943261,0.04410415,0.1767399,-0.1974669,-0.03872605,0.07551405,0.0003730409,0.2024125,0.1626391,0.1116542,-0.04367794,0.02578921,0.1234123,0.1012565,0.1767759,0.05770183,-0.0192681,-0.04612265,0.07838167,0.2029349,-0.03951263,-0.007023443,0.06628747,0.01755101,0.05980697,0.008665105,0.113789,0.04693554,-0.1589584,0.09803364,0.1517033,0.08144819,0.2238468,-0.07438484,-0.03286869,-0.09585486,0.1661942,0.009527143,-0.0469213,0.03028665,0.1834512
"Bin.2.78",-0.003830407,0.1074798,0.05714176,0.1402593,-0.08708352,0.01317076,-0.3192598,0.009511664,-0.005137559,0.02505749,0.02318212,0.5055416,0.8469441,1,0.1066954,0.2546784,0.2510395,0.2599019,0.2532288,0.02452104,0.3597708,0.2173047,-0.1581927,0.06259394,0.1607422,0.1148701,-0.08939224,0.1621885,0.236605,0.2319899,-0.14332,-0.237741,-0.2285058,-0.2280236,-0.2071114,-0.2418356,-0.2440317,0.4866253,0.04921061,0.03966445,0.1801625,0.1013462,-0.1258351,-0.1320455,-0.1432001,-0.1530461,-0.1536591,-0.1577935,0.02993607,-0.01588775,-0.02041427,-0.1663712,-0.09563627,-0.0548067,-0.04153099,-0.1286735,-0.1329175,-0.02941714,-0.1610879,-0.147454,-0.1515355,-0.1967358,-0.1167309,-0.1581385,-0.1417415,-0.1369308,-0.07398762,0.1509455,-9.66518e-06,0.1217403,0.2341496,0.1589037,0.1204015,-0.05638449,-0.1498682,-0.1078956,-0.1438536,-0.2593613,-0.03412548,-0.03904347,-0.02833063,0.02024621,0.06855117,-0.2133874,-0.07485698,-0.09681647,0.0005357813,-0.1044957,-0.1338386,-0.2319653,-0.06841597,-0.1770678,-0.1023018,0.03936756,-0.0535261,-0.1378297,-0.1790479,-0.241445,-0.09637707,0.03930871,-0.1112808,-0.1166888,-0.1589187,-0.06286012,0.2438962,0.2795075,0.2636922,0.2928161,0.1463646,0.2986333,0.3236603,0.3620388,0.4020425,0.573856,0.5356935,0.5692056,0.4540096,0.3464141,0.3174549,0.3500137,0.3525426,0.3969133,0.4194167,0.3262993,0.2810017,0.2584192,0.3506746,0.5019934,0.4686465,0.4400936,0.1764698,0.6072388,0.0450392,-0.1481332,-0.2023682,-0.06550397,0.1198674,-0.05314498,0.1359778,0.002075729,0.0251606,0.105536,0.04884081,-0.07803767,-0.0635282,0.05437769,0.006837392,0.240114,0.1927379,0.04967099,0.147799,0.1041586,0.08642444,0.0662115,0.1054765,0.0140761,0.2414074,0.1893674,0.1424369,0.2542528,0.1277118,0.229412,0.02864583,0.0300742,0.104014,0.07291087,0.1944147,0.1039328,0.0144669,-0.03441459,0.04772085,0.1064104,0.09296781,0.07366933,-0.0917472,-0.1006991,-0.1090112,-0.06520802,0.02040521,0.06854102,-0.08091971,-0.08973586,-0.04267708,-0.01668591,-0.008384475,0.08689923,-0.05528167,-0.1260791,-0.1211503,-0.03531292,0.01198318,0.1523568,-0.06031917,0.001371285,-0.03658256,0.1508604,-0.1332101,-0.006966742,0.1635923,0.1297801
"Bin.3.10",0.06600271,0.3073131,0.616333,-0.1093006,-0.08001487,0.06291994,-0.04592791,0.02963395,0.04259178,0.02718481,0.02460633,0.1668118,0.1282638,0.1066954,1,0.4442213,0.2302185,0.114423,0.1615991,0.06038909,0.06183498,-0.1674002,-0.1160106,-0.090328,0.2313199,-0.08962635,0.0949693,0.09431978,0.1618366,0.5128993,-0.2252382,-0.2266803,-0.2481548,-0.266565,-0.256296,-0.2355153,-0.2837055,0.0678441,-0.004323894,0.01005423,0.01232756,0.005224207,-0.1152685,-0.05908281,-0.02796792,0.02533473,0.02729214,0.03285358,-0.04687105,-0.09375328,-0.07384038,0.06797322,-0.05869906,-0.004632002,-0.03832512,-0.003831143,0.02318185,-0.01987936,-0.05203703,-0.05149835,-0.07856997,-0.1332803,-0.04677086,-0.08844992,-0.06417046,-0.1192141,0.0688343,0.06463372,-0.06717596,-0.08594242,0.01491226,-0.02929649,-0.04522399,-0.1266505,0.01053404,-0.03149839,0.1101456,0.1714843,-0.1106565,0.04844363,-0.02950301,-0.0679792,0.03108494,0.1367156,0.272881,0.08135802,0.0417936,-0.0337072,0.005928565,-0.07280002,-0.1718835,0.1139211,-0.2330885,-0.2138421,-0.2708139,-0.2208674,-0.2204823,-0.2743566,-0.1421827,-0.1108477,-0.1687549,-0.1321734,-0.2228534,-0.1309279,0.1616902,0.1444626,0.1679509,0.2002276,0.06407786,0.1805335,0.1305237,0.06241574,0.2986583,0.2423704,0.1995303,0.2769741,0.30209,0.1853054,0.2558726,0.1948968,0.189028,0.1851763,0.1996142,0.276283,0.2869403,0.3460603,0.1588241,0.1413314,0.3165674,0.1837382,0.318656,0.2241799,0.01445008,0.014528,0.06493353,0.08243411,0.2086878,0.1803803,0.2782591,0.2927659,0.01395466,0.2478071,0.1547793,0.1391696,0.2734383,0.1119203,0.1145432,0.003845055,0.1336358,0.06167854,0.01256267,0.06992371,0.2086812,0.2193876,0.1561308,0.08431949,0.1098105,0.08937445,0.2499178,0.3037464,0.09334057,0.04767916,0.0379068,0.2300475,-0.1010862,0.08043755,-0.03463429,0.1387312,0.06344462,-0.1691429,0.07788489,0.1702155,0.3955769,0.2029103,0.2371447,-0.09587081,-0.07504078,0.09370474,0.1091641,0.1868736,0.09359479,0.1854354,0.0470486,0.06721199,-0.07244215,0.05231621,-0.02205945,0.02981112,0.1161409,0.2403927,0.1051033,0.04440094,0.1338866,0.04432131,0.2089832,0.04813317,0.2398232,0.1407983,0.2569816,0.3959798
"Bin.2.18",0.08985633,0.2577688,0.364027,0.2225328,-0.02774735,0.2031672,0.07476669,0.1014698,0.1031131,0.1274291,0.1042702,0.2061717,0.2065809,0.2546784,0.4442213,1,0.4676177,0.1737105,0.09641152,-0.2167511,0.1214615,0.1408805,0.07646554,0.1123576,0.1595929,0.2727435,-0.12432,0.2387644,0.5379547,0.4955196,0.09191914,0.0439378,-0.01818148,-0.002941596,-0.02902299,0.01760937,0.00625756,0.136757,-0.01007564,0.002725256,0.06093786,0.08455005,0.1612426,0.004380007,-0.004069555,0.04762744,0.06130106,0.04817954,0.005571107,-0.05228585,-0.04370602,-0.02860424,-0.0566524,-0.02720124,-0.04055715,0.006117863,-0.08418536,0.07997183,0.0537907,0.0219134,-0.04445768,-0.06494866,-0.0668325,-0.09246511,-0.07084612,-0.02094807,0.1139051,-0.1015836,0.1052922,-0.09885118,0.2974908,0.3158038,0.3279829,0.1416485,0.07627654,0.0251912,-0.003979731,-0.06870244,0.02642442,0.06584183,0.04825647,0.04749666,0.2470934,-0.04598257,0.037271,0.1195199,0.4856239,0.1057429,0.05069717,-0.3439274,0.006409085,-0.05009106,0.03539969,-0.1066163,-0.04306175,0.1336553,-0.09964203,-0.1593125,-0.06943698,-0.3622438,-0.2917601,-0.01324399,-0.2475719,-0.08374494,0.08949385,0.1444006,0.2526226,0.1979465,0.01210439,0.1886876,0.03240546,0.06056834,0.2271533,0.2988404,0.416101,0.2605237,0.2797163,0.1983613,0.1773518,0.1543482,0.1940257,0.2007393,0.2901384,0.2714582,0.2726434,0.2954556,0.2283553,0.2157251,0.133125,0.2330686,0.07699747,0.2392827,-0.07423521,0.001639725,-0.03042433,-0.05952085,0.03309573,0.137428,0.1150347,0.0305546,0.2062019,-0.02148633,0.07692273,0.05471252,0.02979995,-0.04210884,0.02218979,0.1004938,0.1605724,0.1432585,0.05605449,0.1533336,0.1872838,0.0799739,0.04969155,0.03031072,0.05894935,0.3099077,0.2508036,-0.0405043,0.09236834,0.1894605,0.2164385,0.1047183,-0.1984648,0.09093753,-0.05892856,-0.1386055,0.09531701,-0.2922646,-0.1863964,0.2732896,0.385568,0.1756308,0.07670403,-0.2613226,-0.281718,-0.2554368,0.01581197,-0.1683152,-0.2642419,-0.07230384,-0.1070943,-0.1349742,0.07652443,-0.0109876,-0.1190893,-0.1427725,-0.1082144,0.255914,-0.04017205,-0.0954829,-0.1612666,0.008749959,0.04407878,-0.07336563,0.01269224,-0.05659902,0.1003179,0.2755747
"Bin.1.26",0.2758872,0.2710378,0.2903173,0.1234058,0.06902461,0.2962406,-0.1580602,-0.06186848,-0.06361476,-0.04625624,-0.07189702,0.2696756,0.1449925,0.2510395,0.2302185,0.4676177,1,-0.001204113,-0.1115853,-0.3152477,-0.1741513,0.3025441,0.3179561,0.3337433,0.4402057,0.5129787,0.006403888,0.5150144,0.5486411,0.5980554,-0.07482884,-0.2292221,-0.2235448,-0.1964479,-0.2256049,-0.1961415,-0.1817488,0.286769,-0.007514851,0.04120773,0.08267898,0.04298658,0.1335336,-0.2385294,-0.2536647,-0.1962734,-0.165856,-0.1685902,-0.1357973,-0.1573518,-0.1664421,-0.1134687,-0.2130114,-0.1752985,-0.2037806,-0.1630659,-0.2116891,0.04777642,-0.1920602,-0.223264,-0.247504,-0.2605324,-0.2585759,-0.2428607,-0.2445171,-0.1745875,-0.05988956,-0.2811013,-0.188532,-0.105362,0.1764486,0.1311747,0.1322013,-0.1605906,-0.1242321,0.01574537,0.01675762,-0.1967876,-0.1678972,-0.06463708,-0.01020237,0.04549799,0.2659277,0.1049725,0.1606474,0.05466898,0.2617688,-0.01737728,-0.02298686,-0.1246201,-0.147499,-0.1074771,-0.08467125,-0.01766731,0.03482955,-0.1571831,-0.3613936,-0.3273522,-0.1013975,-0.1802572,-0.1978997,-0.3187243,-0.2941798,-0.317413,0.1559354,0.1857801,0.2340434,0.2549829,0.250461,0.2870193,0.1187169,0.12602,0.1142442,0.2589201,0.2469123,0.3400882,0.325736,0.1514257,0.1807263,0.1460266,0.2777844,0.2280476,0.3800093,0.3433891,0.3495832,0.2239951,0.2415081,0.2345081,0.2377518,0.5202772,0.2299877,0.306179,-0.2923713,-0.10392,-0.1718328,-0.122411,0.1398536,0.1062888,0.1074553,0.007734213,0.1101098,-0.0429048,-0.01461235,0.0286437,-0.2607839,-0.1426156,0.04034535,-0.08942157,0.0808076,0.2628577,0.06189243,0.1182591,0.004217856,0.03191259,0.0854032,0.004336352,0.01273144,0.2161846,0.2644531,-0.1121604,0.0450089,0.005763168,0.07287018,0.1204687,-0.3617561,-0.2346718,-0.3845626,-0.2505678,-0.2830814,-0.1993084,-0.1873692,0.6367696,0.2796072,0.3714324,0.1144949,-0.05229963,0.02396441,-0.1934316,0.09729469,-0.06401771,-0.2380538,-0.1217228,-0.03642734,0.04681752,0.02045862,0.1192,7.767968e-05,0.08456206,-0.1282462,0.3002713,-0.004033193,-0.2043639,-0.1209087,-0.1725903,0.06626261,-0.1367565,-0.07756753,0.05742806,0.1424557,0.2937272
